3 0.762080 0.100840 0.097031 0.115632
3 0.953188 0.266962 0.079287 0.216613
3 0.325796 0.301190 0.022979 0.111815
8 0.156787 0.311156 0.112402 0.135753
3 0.324849 0.196042 0.027217 0.084852
3 0.284609 0.290585 0.057988 0.084691
4 0.067383 0.788306 0.105469 0.372312
1 0.957520 0.850134 0.081055 0.041667
1 0.570801 0.518817 0.047852 0.021505
1 0.140137 0.755376 0.038086 0.059140
1 0.013672 0.723118 0.027344 0.096774
1 0.081055 0.342742 0.031250 0.110215
4 0.621582 0.916667 0.217773 0.155914
3 0.795811 0.280806 0.185781 0.188925
3 0.868584 0.087003 0.104141 0.110753
3 0.275737 0.206707 0.056807 0.079812
1 0.049805 0.336694 0.031250 0.103495
1 0.963379 0.924059 0.069336 0.057796
1 0.837891 0.897849 0.123047 0.051075
5 0.585449 0.858871 0.639648 0.271505
5 0.476074 0.638441 0.182617 0.209677
5 0.198242 0.762097 0.347656 0.438172
1 0.623047 0.528226 0.054688 0.034946
1 0.624023 0.563172 0.054688 0.034946
1 0.625977 0.611559 0.054688 0.043011
1 0.134766 0.701613 0.042969 0.034946
1 0.844238 0.971774 0.100586 0.048387
1 0.141602 0.847446 0.039062 0.125000
4 0.512207 0.528226 0.065430 0.112903
1 0.569336 0.547715 0.046875 0.025538
1 0.455566 0.498656 0.034180 0.021505
1 0.454590 0.528226 0.038086 0.026882
1 0.416016 0.489919 0.029297 0.017473
1 0.416016 0.518817 0.029297 0.029570
