1 0.047852 0.553312 0.087891 0.208401
1 0.777344 0.233441 0.023438 0.263328
1 0.734863 0.233441 0.047852 0.269790
1 0.677734 0.225363 0.042969 0.256866
1 0.631348 0.218901 0.036133 0.260097
1 0.589355 0.214055 0.036133 0.260097
1 0.528809 0.217286 0.053711 0.247173
1 0.460938 0.214055 0.054688 0.250404
1 0.234863 0.244750 0.094727 0.260097
1 0.130859 0.253635 0.089844 0.303716
1 0.962891 0.161551 0.072266 0.119548
1 0.857422 0.151858 0.123047 0.106624
2 0.954102 0.602585 0.087891 0.684976
2 0.848145 0.575121 0.110352 0.646204
1 0.751465 0.708401 0.049805 0.231018
1 0.697266 0.677706 0.042969 0.198708
1 0.551758 0.627625 0.029297 0.185784
1 0.469727 0.651858 0.031250 0.185784
1 0.419434 0.671244 0.051758 0.198708
1 0.358398 0.695477 0.054688 0.201939
1 0.169434 0.876414 0.096680 0.024233
1 0.171387 0.815024 0.083008 0.017771
1 0.166016 0.769790 0.087891 0.024233
1 0.164062 0.719709 0.093750 0.027464
1 0.160645 0.658320 0.096680 0.024233
3 0.314902 0.339418 0.056211 0.267108
