2 0.227051 0.901042 0.174805 0.190972
3 0.976426 0.353333 0.024727 0.265556
2 0.213379 0.433160 0.194336 0.605903
1 0.823730 0.743056 0.032227 0.156250
1 0.532227 0.760417 0.031250 0.055556
1 0.850098 0.701389 0.016602 0.156250
1 0.839844 0.558160 0.054688 0.046875
1 0.885254 0.532118 0.022461 0.064236
1 0.879883 0.642361 0.027344 0.097222
1 0.535156 0.696181 0.054688 0.031250
1 0.462891 0.734375 0.089844 0.041667
1 0.382812 0.918403 0.062500 0.055556
1 0.388672 0.856771 0.060547 0.043403
1 0.386719 0.780382 0.058594 0.046875
9 0.708984 0.523438 0.095703 0.942708
