1 0.079590 0.139092 0.159180 0.272328
1 0.833984 0.131040 0.060547 0.238653
1 0.432129 0.889458 0.083008 0.203514
1 0.524902 0.893119 0.081055 0.207906
2 0.122070 0.801611 0.166016 0.393851
2 0.112305 0.431186 0.171875 0.215227
1 0.246094 0.097365 0.117188 0.101025
1 0.246094 0.319180 0.119141 0.313324
1 0.369141 0.329429 0.123047 0.322108
1 0.367676 0.079063 0.116211 0.122987
1 0.499023 0.076135 0.123047 0.120059
1 0.501465 0.327233 0.114258 0.329429
1 0.608398 0.086384 0.076172 0.114202
1 0.695312 0.079795 0.093750 0.101025
1 0.695801 0.270132 0.081055 0.215227
1 0.610352 0.265007 0.072266 0.213763
1 0.766602 0.144949 0.042969 0.269400
1 0.261230 0.849195 0.079102 0.210835
1 0.348145 0.842606 0.069336 0.200586
1 0.299805 0.699854 0.150391 0.052709
