1 0.280273 0.228530 0.087891 0.250364
4 0.945801 0.848617 0.104492 0.288210
1 0.353027 0.247453 0.049805 0.221252
1 0.476562 0.258370 0.085938 0.187773
1 0.688477 0.491994 0.109375 0.384279
2 0.169922 0.403202 0.089844 0.232897
2 0.191895 0.779476 0.096680 0.420670
1 0.270508 0.632460 0.054688 0.045124
1 0.268066 0.695051 0.051758 0.045124
1 0.270508 0.761281 0.062500 0.049491
1 0.268066 0.835517 0.063477 0.069869
1 0.173340 0.166667 0.098633 0.202329
4 0.403535 0.714272 0.097480 0.106827
5 0.398896 0.555022 0.231855 0.147016
