1 0.396973 0.682292 0.034180 0.046875
0 0.591309 0.465495 0.069336 0.279948
2 0.398438 0.496745 0.056641 0.235677
2 0.466797 0.494141 0.060547 0.238281
1 0.214844 0.332031 0.054688 0.270833
1 0.270020 0.329427 0.049805 0.236979
1 0.469727 0.282552 0.060547 0.143229
1 0.399902 0.273438 0.065430 0.148438
1 0.680176 0.308594 0.047852 0.143229
1 0.734375 0.298828 0.046875 0.139323
1 0.806641 0.277344 0.054688 0.114583
1 0.860352 0.266927 0.060547 0.127604
1 0.849609 0.680990 0.054688 0.140625
1 0.225586 0.700521 0.056641 0.093750
1 0.182129 0.675781 0.038086 0.033854
1 0.197754 0.629557 0.110352 0.029948
1 0.308105 0.622396 0.063477 0.046875
1 0.299805 0.707031 0.078125 0.140625
1 0.617188 0.761719 0.054688 0.057292
1 0.615234 0.832031 0.058594 0.067708
1 0.614258 0.902344 0.060547 0.054688
1 0.613281 0.965495 0.054688 0.063802
1 0.530273 0.881510 0.074219 0.216146
1 0.458008 0.843750 0.060547 0.187500
1 0.492188 0.717448 0.134766 0.059896
1 0.397949 0.797526 0.032227 0.157552
5 0.602134 0.792487 0.471982 0.388932
