1 0.254395 0.682292 0.129883 0.057292
4 0.252305 0.864681 0.121582 0.258268
1 0.098145 0.900391 0.049805 0.063802
1 0.365234 0.792969 0.056641 0.028646
1 0.434570 0.789062 0.056641 0.031250
1 0.361816 0.823568 0.049805 0.027344
1 0.433594 0.824870 0.056641 0.014323
1 0.367188 0.850260 0.046875 0.023438
1 0.428711 0.855469 0.062500 0.031250
1 0.371094 0.878906 0.058594 0.028646
1 0.672852 0.295573 0.058594 0.244792
1 0.742188 0.298828 0.062500 0.235677
1 0.504883 0.337891 0.074219 0.162760
1 0.098145 0.800130 0.049805 0.050781
1 0.102051 0.968099 0.038086 0.037760
1 0.395020 0.690104 0.141602 0.044271
5 0.737305 0.888672 0.513672 0.212240
1 0.433105 0.877604 0.067383 0.020833
1 0.549805 0.669271 0.109375 0.041667
1 0.544922 0.727865 0.107422 0.046875
1 0.547852 0.776693 0.119141 0.035156
1 0.667480 0.666016 0.094727 0.035156
1 0.660645 0.716797 0.096680 0.042969
1 0.770020 0.714193 0.067383 0.118490
1 0.846680 0.701823 0.056641 0.130208
1 0.926270 0.658854 0.047852 0.036458
1 0.924805 0.720703 0.056641 0.050781
1 0.102051 0.699870 0.038086 0.050781
1 0.131836 0.667969 0.031250 0.041667
1 0.152344 0.652344 0.029297 0.041667
1 0.170898 0.626953 0.025391 0.037760
1 0.112305 0.438151 0.087891 0.217448
3 0.504604 0.515208 0.078369 0.153099
5 0.552446 0.619115 0.697139 0.040052
