3 0.303359 0.408236 0.141445 0.115447
1 0.299316 0.774524 0.096680 0.108346
1 0.305176 0.944363 0.098633 0.099561
2 0.706055 0.670571 0.117188 0.421669
2 0.704102 0.349927 0.119141 0.213763
1 0.675781 0.185212 0.054688 0.098097
1 0.615234 0.185944 0.056641 0.111274
1 0.153809 0.226208 0.114258 0.329429
1 0.042969 0.213031 0.085938 0.346999
1 0.064941 0.836018 0.081055 0.284041
1 0.063965 0.655930 0.081055 0.064422
1 0.170898 0.702782 0.087891 0.055637
1 0.162598 0.876281 0.100586 0.241581
1 0.484863 0.629575 0.094727 0.040996
1 0.586426 0.626647 0.100586 0.049780
