1 0.441895 0.854818 0.114258 0.050781
1 0.463379 0.943359 0.114258 0.100260
0 0.087891 0.313151 0.062500 0.191406
1 0.316406 0.872396 0.121094 0.049479
1 0.316895 0.949870 0.114258 0.087240
4 0.067383 0.806641 0.132812 0.365885
4 0.663086 0.853516 0.285156 0.269531
5 0.337554 0.699466 0.368994 0.113099
9 0.276318 0.306823 0.095684 0.278255
3 0.190005 0.317083 0.070693 0.205521
3 0.346123 0.305319 0.043223 0.155768
3 0.525078 0.329225 0.053555 0.197018
3 0.467358 0.273236 0.049092 0.071992
6 0.319326 0.842539 0.145879 0.170781
6 0.464419 0.843151 0.139131 0.170781
5 0.919653 0.806458 0.160693 0.209479
