1 0.246362 0.683158 0.096768 0.012456
1 0.174316 0.343567 0.131836 0.315789
1 0.271484 0.335526 0.054688 0.179825
1 0.320312 0.354532 0.041016 0.147661
1 0.359863 0.394006 0.034180 0.191520
1 0.392090 0.407895 0.038086 0.172515
1 0.431641 0.407895 0.044922 0.149123
1 0.469727 0.405702 0.042969 0.156433
1 0.638184 0.383041 0.049805 0.184211
1 0.698730 0.374269 0.063477 0.187135
1 0.706055 0.594298 0.054688 0.033626
1 0.704102 0.630117 0.054688 0.035088
1 0.707520 0.659357 0.047852 0.029240
1 0.707520 0.704678 0.049805 0.058480
3 0.777002 0.471060 0.077637 0.236535
3 0.872451 0.476542 0.106465 0.260073
3 0.965098 0.469481 0.069805 0.260073
5 0.549878 0.797602 0.275244 0.404795
1 0.399429 0.595658 0.015576 0.023275
5 0.533154 0.552887 0.395801 0.053465
1 0.252534 0.753107 0.096768 0.128114
3 0.552817 0.397478 0.104443 0.219225
5 0.196592 0.641469 0.099160 0.073319
