2 0.329418 0.497070 0.133110 0.134766
1 0.922260 0.542480 0.151007 0.049805
1 0.918345 0.488770 0.156600 0.049805
2 0.670022 0.441895 0.272931 0.250977
2 0.668345 0.225586 0.269575 0.166016
0 0.079978 0.389648 0.068233 0.650391
1 0.205817 0.466309 0.078300 0.049805
1 0.204139 0.424805 0.083893 0.029297
5 0.936616 0.875938 0.126767 0.164727
4 0.378328 0.620967 0.099318 0.150801
1 0.205817 0.515625 0.080537 0.046875
2 0.788031 0.819336 0.153244 0.335938
2 0.326063 0.326172 0.130872 0.187500
4 0.968143 0.929248 0.063714 0.141504
6 0.598954 0.769263 0.188199 0.398447
6 0.909938 0.480537 0.180123 0.165879
