1 0.888672 0.787109 0.042969 0.180990
3 0.240415 0.404505 0.095400 0.319219
1 0.422363 0.867839 0.065430 0.194010
1 0.338379 0.906250 0.067383 0.182292
1 0.244141 0.805339 0.085938 0.048177
1 0.245605 0.932943 0.079102 0.105469
1 0.740234 0.645833 0.228516 0.059896
1 0.805176 0.779297 0.081055 0.180990
5 0.648130 0.577174 0.540400 0.053464
1 0.958984 0.767578 0.041016 0.230469
1 0.829102 0.191406 0.093750 0.065104
1 0.638184 0.302083 0.096680 0.255208
1 0.537598 0.298177 0.081055 0.276042
1 0.891602 0.662760 0.044922 0.044271
1 0.716309 0.768229 0.069336 0.177083
1 0.427734 0.275391 0.058594 0.305990
1 0.584961 0.727214 0.029297 0.235677
1 0.476562 0.298828 0.042969 0.279948
1 0.931641 0.291667 0.103516 0.276042
1 0.635254 0.750000 0.038086 0.179688
2 0.092773 0.593750 0.183594 0.781250
1 0.737305 0.200521 0.078125 0.062500
