1 0.143555 0.266471 0.093750 0.286969
1 0.570801 0.771596 0.038086 0.204978
1 0.618652 0.814056 0.051758 0.251830
1 0.586426 0.296486 0.096680 0.244510
1 0.482422 0.293558 0.105469 0.247438
1 0.361816 0.231332 0.094727 0.143485
1 0.252441 0.212299 0.110352 0.158126
5 0.335884 0.558353 0.478975 0.044905
5 0.780571 0.594802 0.328545 0.119092
1 0.273926 0.784041 0.094727 0.191801
1 0.374512 0.770864 0.079102 0.194729
1 0.481445 0.624451 0.085938 0.033675
1 0.481934 0.749634 0.083008 0.169839
2 0.042480 0.535139 0.081055 0.897511
1 0.145020 0.801611 0.114258 0.071742
8 0.705078 0.366032 0.138672 0.292826
1 0.143066 0.893119 0.114258 0.058565
1 0.138672 0.718155 0.109375 0.045388
1 0.143555 0.659590 0.107422 0.036603
