7 0.900879 0.849154 0.198242 0.288672
3 0.423931 0.293424 0.102607 0.376354
3 0.224595 0.314928 0.102607 0.504883
3 0.605659 0.316055 0.102607 0.398516
6 0.814941 0.546113 0.124355 0.143997
5 0.981191 0.569694 0.037617 0.132747
1 0.841797 0.545573 0.046875 0.018229
1 0.784180 0.567708 0.046875 0.018229
1 0.837891 0.572917 0.046875 0.018229
5 0.364746 0.662109 0.083008 0.173177
5 0.418457 0.509115 0.170898 0.036458
1 0.783691 0.498047 0.051758 0.022135
4 0.517090 0.796875 0.213867 0.385417
5 0.704102 0.884766 0.146484 0.220052
5 0.582520 0.564453 0.331055 0.061198
4 0.074219 0.627604 0.138672 0.234375
1 0.782227 0.542969 0.046875 0.018229
1 0.842773 0.523438 0.046875 0.018229
1 0.780273 0.520833 0.046875 0.018229
1 0.843262 0.500000 0.061523 0.020833
4 0.918457 0.548177 0.081055 0.158854
