1 0.694444 0.594238 0.084795 0.094727
1 0.593567 0.589355 0.081871 0.098633
1 0.476608 0.566895 0.084795 0.112305
1 0.222953 0.713379 0.092105 0.038086
1 0.225877 0.796387 0.086257 0.049805
1 0.086257 0.917480 0.122807 0.063477
1 0.829678 0.554688 0.106725 0.060547
1 0.568713 0.289062 0.076023 0.195312
1 0.666667 0.291016 0.070175 0.197266
1 0.658626 0.527344 0.185673 0.044922
1 0.323830 0.580566 0.039474 0.036133
5 0.871345 0.779785 0.242690 0.420898
1 0.315058 0.670898 0.036550 0.089844
1 0.987573 0.242676 0.019006 0.114258
1 0.379386 0.627930 0.048246 0.085938
1 0.068713 0.816895 0.125731 0.049805
1 0.385234 0.548340 0.057018 0.020508
1 0.401316 0.282715 0.071637 0.192383
1 0.478070 0.285645 0.073099 0.188477
5 0.567010 0.507085 0.677822 0.084697
