1 0.525391 0.781250 0.076172 0.091146
1 0.595215 0.826172 0.069336 0.105469
1 0.594727 0.688802 0.070312 0.161458
1 0.601562 0.449219 0.027344 0.046875
1 0.520020 0.638021 0.049805 0.138021
1 0.601562 0.502604 0.025391 0.044271
1 0.123047 0.702474 0.199219 0.045573
1 0.138184 0.621094 0.176758 0.052083
1 0.049805 0.467448 0.089844 0.250000
1 0.154297 0.441406 0.105469 0.231771
1 0.633301 0.517578 0.034180 0.055990
1 0.631348 0.455729 0.032227 0.052083
1 0.770020 0.943359 0.192383 0.063802
1 0.801758 0.861328 0.261719 0.095052
1 0.916504 0.838542 0.125977 0.059896
1 0.913086 0.772786 0.123047 0.069010
1 0.785156 0.780599 0.074219 0.071615
1 0.782715 0.712891 0.083008 0.063802
1 0.688965 0.742188 0.083008 0.062500
1 0.698730 0.682292 0.063477 0.054688
6 0.742388 0.504368 0.515225 0.991263
6 0.115962 0.560859 0.231924 0.524427
