4 0.742188 0.597005 0.113281 0.264323
1 0.252441 0.608724 0.096680 0.058594
1 0.381348 0.591797 0.127930 0.063802
1 0.486816 0.579427 0.083008 0.062500
1 0.485352 0.648438 0.074219 0.044271
8 0.938159 0.394368 0.082354 0.528190
5 0.606929 0.619492 0.149033 0.273620
1 0.492188 0.710938 0.074219 0.057292
1 0.377441 0.668620 0.112305 0.045573
1 0.373047 0.739583 0.117188 0.046875
1 0.259766 0.755208 0.089844 0.062500
1 0.263672 0.680990 0.091797 0.046875
0 0.949121 0.413411 0.050586 0.515625
7 0.904785 0.784310 0.188477 0.225651
7 0.096777 0.830404 0.193555 0.326823
