3 0.330661 0.192280 0.036417 0.056943
3 0.449222 0.608047 0.043407 0.123789
3 0.397269 0.814443 0.118796 0.123789
3 0.209464 0.777349 0.059780 0.081221
3 0.116351 0.771899 0.065595 0.081221
8 0.863921 0.879858 0.206667 0.177783
0 0.916630 0.879189 0.106358 0.174023
3 0.814684 0.682778 0.036417 0.124365
3 0.490220 0.244878 0.036417 0.056943
3 0.435536 0.226694 0.036417 0.056943
3 0.287577 0.179209 0.027518 0.056465
3 0.391116 0.600776 0.059794 0.123779
3 0.794508 0.489019 0.018620 0.077236
3 0.778443 0.341426 0.018620 0.042148
3 0.243796 0.572163 0.059780 0.123779
3 0.471769 0.408965 0.046740 0.087383
3 0.415720 0.392598 0.046740 0.087383
3 0.288972 0.361001 0.046725 0.087373
0 0.660059 0.860840 0.074890 0.194336
0 0.577093 0.867188 0.067548 0.218750
