1 0.456055 0.423828 0.054688 0.194010
1 0.029297 0.930339 0.044922 0.087240
1 0.547852 0.710938 0.156250 0.031250
1 0.865723 0.341797 0.096680 0.097656
1 0.761719 0.343750 0.093750 0.106771
1 0.670898 0.424479 0.041016 0.208333
1 0.531738 0.356120 0.063477 0.079427
1 0.385254 0.425781 0.049805 0.203125
1 0.322266 0.425130 0.023438 0.220052
1 0.138184 0.399740 0.063477 0.296875
1 0.057129 0.378906 0.067383 0.312500
1 0.100098 0.888672 0.069336 0.079427
1 0.100098 0.792969 0.053711 0.041667
2 0.852051 0.715495 0.125977 0.555990
2 0.740723 0.706380 0.079102 0.555990
1 0.601562 0.354167 0.056641 0.085938
3 0.204282 0.475716 0.044736 0.219922
5 0.465371 0.674368 0.463027 0.053424
5 0.484507 0.862728 0.463037 0.269727
