1 0.502441 0.184288 0.100586 0.195301
1 0.395508 0.197504 0.087891 0.195301
1 0.450684 0.946402 0.127930 0.071953
1 0.712891 0.861233 0.183594 0.071953
1 0.308594 0.776799 0.078125 0.173275
1 0.313965 0.670338 0.065430 0.036711
1 0.229004 0.735683 0.069336 0.152717
1 0.216309 0.622614 0.069336 0.046990
2 0.085938 0.454479 0.105469 0.306902
2 0.107422 0.696769 0.089844 0.142438
1 0.072266 0.248164 0.046875 0.082232
1 0.121094 0.245228 0.042969 0.091043
1 0.268066 0.224670 0.049805 0.088106
1 0.318848 0.220999 0.051758 0.080764
