3 0.973696 0.233309 0.051045 0.216252
3 0.305376 0.224319 0.028604 0.172269
1 0.028809 0.763543 0.053711 0.396779
1 0.299805 0.454612 0.046875 0.033675
5 0.825815 0.606984 0.348369 0.307408
5 0.297144 0.417182 0.169385 0.032811
5 0.140264 0.669312 0.280527 0.417980
1 0.301270 0.497072 0.038086 0.030747
3 0.871987 0.219985 0.131299 0.415549
8 0.046553 0.318397 0.088340 0.294041
2 0.157227 0.395315 0.041016 0.120059
1 0.339844 0.166911 0.029297 0.166911
2 0.155762 0.279649 0.038086 0.076135
1 0.301758 0.551977 0.046875 0.035139
1 0.294922 0.601025 0.046875 0.045388
1 0.479980 0.590044 0.063477 0.228404
1 0.600098 0.630307 0.081055 0.294290
1 0.700684 0.113470 0.081055 0.185944
1 0.623047 0.122255 0.060547 0.191801
1 0.562012 0.114202 0.053711 0.204978
1 0.499512 0.116398 0.047852 0.226940
1 0.441406 0.121523 0.054688 0.149341
1 0.390625 0.132504 0.046875 0.159590
1 0.162598 0.714495 0.188477 0.316252
