1 0.508475 0.947266 0.055085 0.076172
5 0.868236 0.914390 0.155604 0.156104
9 0.226128 0.766006 0.125265 0.453340
9 0.212834 0.249849 0.091133 0.477842
5 0.761727 0.425269 0.199513 0.194072
4 0.597881 0.415527 0.134322 0.211914
4 0.715042 0.905273 0.141949 0.171875
1 0.452860 0.945312 0.051907 0.076172
1 0.362288 0.353027 0.108051 0.034180
0 0.514831 0.323730 0.125000 0.286133
0 0.629767 0.826172 0.153602 0.310547
0 0.040254 0.775391 0.059322 0.445312
0 0.112818 0.285156 0.034958 0.464844
1 0.466631 0.872559 0.104873 0.053711
1 0.404661 0.426270 0.044492 0.081055
1 0.364936 0.426270 0.032839 0.083008
