5 0.095913 0.541083 0.174189 0.172007
1 0.241699 0.518360 0.047852 0.035496
4 0.781250 0.803550 0.164062 0.334149
4 0.539062 0.809670 0.138672 0.331701
1 0.097656 0.504284 0.117188 0.041616
1 0.096680 0.556304 0.109375 0.037944
3 0.920640 0.346891 0.158721 0.292827
3 0.919233 0.071359 0.161533 0.142717
3 0.427920 0.380306 0.024238 0.144798
5 0.531831 0.670832 0.631104 0.388813
1 0.318848 0.654223 0.063477 0.064871
1 0.310547 0.577111 0.062500 0.050184
1 0.306641 0.535496 0.060547 0.028152
1 0.244141 0.606487 0.058594 0.052632
1 0.235352 0.557528 0.041016 0.037944
0 0.577148 0.383721 0.041016 0.241126
0 0.618652 0.378213 0.038086 0.254590
1 0.418945 0.693390 0.091797 0.094247
1 0.417969 0.581395 0.121094 0.083231
