0 0.371073 0.813965 0.019634 0.116211
0 0.459424 0.816895 0.060209 0.112305
3 0.381191 0.722388 0.022408 0.051572
3 0.416754 0.372432 0.019895 0.081191
3 0.374202 0.333364 0.020969 0.073057
3 0.331073 0.271470 0.027644 0.073057
3 0.267925 0.199028 0.045563 0.073057
3 0.197723 0.104839 0.061597 0.077217
3 0.101106 0.028076 0.061610 0.056152
3 0.396394 0.549819 0.013495 0.118916
3 0.355007 0.516245 0.020720 0.135869
3 0.301427 0.479482 0.020707 0.154902
3 0.236859 0.427070 0.058796 0.134141
3 0.153613 0.362026 0.058796 0.175166
3 0.036963 0.279116 0.058796 0.233213
3 0.107952 0.642686 0.030694 0.090195
3 0.073148 0.745122 0.058416 0.094912
3 0.184686 0.759380 0.046649 0.078682
3 0.198619 0.665288 0.043599 0.068525
3 0.262801 0.774556 0.030550 0.068525
3 0.276558 0.693784 0.022723 0.068525
3 0.322958 0.784448 0.022723 0.068525
3 0.330537 0.712729 0.022723 0.068525
3 0.467827 0.729219 0.082696 0.047813
3 0.478082 0.564463 0.073626 0.118008
3 0.493717 0.411362 0.080105 0.069404
3 0.520569 0.243672 0.044725 0.055508
3 0.815151 0.231484 0.091950 0.067070
3 0.827847 0.433271 0.090118 0.078652
3 0.836990 0.817520 0.105079 0.056328
3 0.831669 0.619624 0.094254 0.086729
