0 0.254395 0.517578 0.081055 0.506510
1 0.188965 0.774740 0.081055 0.153646
1 0.347656 0.591146 0.042969 0.028646
1 0.348633 0.673177 0.041016 0.114583
1 0.440430 0.697917 0.041016 0.122396
1 0.493652 0.672526 0.049805 0.042969
1 0.492188 0.739583 0.044922 0.052083
1 0.417969 0.602865 0.074219 0.031250
0 0.699219 0.472656 0.029297 0.062500
0 0.610352 0.439453 0.042969 0.108073
1 0.495605 0.602865 0.047852 0.026042
1 0.642090 0.630859 0.178711 0.029948
0 0.462891 0.423177 0.042969 0.143229
1 0.395020 0.684896 0.038086 0.125000
5 0.646553 0.695423 0.206309 0.318112
6 0.437524 0.660241 0.239854 0.282669
6 0.124355 0.772917 0.248711 0.448359
1 0.076172 0.816406 0.117188 0.184896
