1 0.577148 0.803882 0.054688 0.062918
1 0.448730 0.595716 0.047852 0.048193
1 0.450684 0.659973 0.051758 0.048193
1 0.504883 0.685408 0.058594 0.048193
1 0.447266 0.720884 0.046875 0.060241
1 0.574219 0.571620 0.054688 0.061580
1 0.574219 0.507363 0.062500 0.048193
1 0.504883 0.481258 0.062500 0.065596
1 0.445312 0.459839 0.044922 0.049531
1 0.645508 0.678046 0.062500 0.070950
1 0.645508 0.755689 0.060547 0.057564
1 0.643555 0.834003 0.054688 0.061580
1 0.645020 0.906961 0.065430 0.057564
1 0.645020 0.975234 0.069336 0.041499
1 0.500488 0.612450 0.063477 0.060241
1 0.577148 0.872825 0.054688 0.053548
1 0.507812 0.888220 0.058594 0.044177
1 0.445312 0.844712 0.044922 0.053548
1 0.570312 0.939090 0.054688 0.057564
1 0.497559 0.817938 0.049805 0.053548
1 0.443848 0.785141 0.049805 0.052209
1 0.501465 0.747657 0.053711 0.065596
1 0.445312 0.527443 0.054688 0.053548
1 0.507812 0.549531 0.056641 0.049531
1 0.574219 0.645248 0.060547 0.082999
1 0.575684 0.726908 0.053711 0.069612
6 0.861680 0.654511 0.276641 0.690977
6 0.347500 0.284404 0.273008 0.520080
