6 0.212510 0.616530 0.266191 0.162826
4 0.869165 0.902754 0.126064 0.194492
5 0.802065 0.574141 0.395869 0.130625
4 0.761230 0.815625 0.112305 0.321354
4 0.151416 0.858138 0.289160 0.275911
1 0.113770 0.622396 0.063477 0.041667
2 0.648438 0.481771 0.119141 0.052083
0 0.489258 0.442708 0.015625 0.286458
2 0.655273 0.378906 0.134766 0.153646
1 0.622559 0.238932 0.065430 0.134115
1 0.687500 0.237630 0.062500 0.136719
1 0.765625 0.327474 0.062500 0.167969
1 0.838379 0.294271 0.067383 0.098958
1 0.901855 0.294922 0.065430 0.095052
0 0.527344 0.438151 0.042969 0.243490
0 0.559570 0.440104 0.029297 0.239583
1 0.259766 0.621745 0.074219 0.050781
1 0.174805 0.622396 0.056641 0.049479
4 0.272949 0.694010 0.065430 0.083333
4 0.944336 0.777995 0.101562 0.266927
0 0.431152 0.468750 0.020508 0.421875
