1 0.648030 0.651042 0.101171 0.031250
1 0.228967 0.679036 0.068158 0.035156
1 0.226837 0.626302 0.063898 0.026042
3 0.755958 0.296491 0.488083 0.087487
1 0.660809 0.423177 0.099042 0.020833
6 0.610389 0.670371 0.254004 0.139727
6 0.179995 0.661628 0.316028 0.164036
3 0.444851 0.462943 0.076496 0.393646
1 0.654952 0.458333 0.095847 0.033854
1 0.148030 0.671875 0.093717 0.093750
1 0.539404 0.653646 0.099042 0.062500
1 0.553248 0.449219 0.099042 0.062500
1 0.650692 0.679036 0.095847 0.035156
1 0.301917 0.640625 0.060703 0.085938
