1 0.651855 0.640808 0.032227 0.037810
1 0.075195 0.202086 0.132812 0.378096
1 0.229004 0.207953 0.172852 0.408083
1 0.446777 0.250326 0.049805 0.349413
1 0.499512 0.270535 0.049805 0.311604
1 0.132812 0.903520 0.246094 0.187744
1 0.319336 0.858540 0.105469 0.277705
1 0.417969 0.840939 0.087891 0.315515
1 0.485352 0.822686 0.039062 0.325945
1 0.528809 0.769883 0.047852 0.293351
1 0.565430 0.636897 0.046875 0.032595
1 0.568848 0.692308 0.034180 0.062581
1 0.570801 0.765319 0.038086 0.057366
1 0.570801 0.834420 0.036133 0.057366
1 0.610352 0.612777 0.023438 0.039113
1 0.613770 0.662321 0.032227 0.044329
1 0.648926 0.697523 0.034180 0.044329
1 0.653809 0.739244 0.036133 0.039113
1 0.611816 0.726206 0.036133 0.052151
3 0.830332 0.403449 0.054609 0.369374
3 0.938633 0.361525 0.121953 0.256375
5 0.919380 0.789746 0.161240 0.420508
1 0.685059 0.661017 0.022461 0.151239
1 0.374512 0.209909 0.100586 0.414602
1 0.614258 0.772490 0.041016 0.037810
1 0.654297 0.593220 0.029297 0.049544
1 0.688477 0.288787 0.029297 0.131682
