2 0.070801 0.705729 0.100586 0.515625
2 0.053711 0.328125 0.093750 0.218750
1 0.264648 0.139974 0.197266 0.274740
1 0.645020 0.598307 0.127930 0.058594
1 0.075684 0.071615 0.100586 0.125000
1 0.645508 0.673828 0.123047 0.066406
1 0.459961 0.074870 0.187500 0.128906
1 0.645020 0.735026 0.129883 0.050781
1 0.937012 0.144531 0.079102 0.234375
1 0.465820 0.755208 0.181641 0.208333
1 0.645508 0.814453 0.125000 0.095052
1 0.808105 0.138672 0.143555 0.243490
5 0.551016 0.695039 0.809102 0.420417
1 0.646484 0.139323 0.166016 0.242188
