0 0.292969 0.371889 0.119141 0.371889
1 0.169434 0.137628 0.038086 0.158126
1 0.082031 0.110542 0.054688 0.159590
1 0.862305 0.609078 0.089844 0.064422
3 0.704731 0.282796 0.142373 0.216837
1 0.032715 0.092240 0.063477 0.146413
2 0.091797 0.595900 0.140625 0.729136
1 0.216797 0.660322 0.023438 0.081991
4 0.744141 0.825769 0.119141 0.304539
4 0.614082 0.847855 0.125977 0.304290
1 0.608398 0.478770 0.023438 0.046852
1 0.575195 0.463397 0.039062 0.089312
1 0.528809 0.467789 0.053711 0.083455
1 0.443848 0.487555 0.100586 0.052709
1 0.444336 0.444363 0.091797 0.036603
1 0.861816 0.696193 0.083008 0.065886
1 0.848633 0.773060 0.107422 0.064422
