1 0.785645 0.210938 0.065430 0.158854
1 0.711426 0.223958 0.069336 0.135417
1 0.644531 0.239583 0.056641 0.130208
1 0.568848 0.302083 0.063477 0.190104
1 0.502441 0.307292 0.047852 0.187500
2 0.988770 0.701172 0.018555 0.524740
2 0.916016 0.611979 0.101562 0.697917
1 0.777344 0.623047 0.101562 0.058594
1 0.077637 0.238281 0.125977 0.299479
1 0.096680 0.593750 0.121094 0.403646
1 0.778809 0.486979 0.053711 0.140625
1 0.317383 0.300781 0.074219 0.208333
1 0.834473 0.494141 0.038086 0.126302
1 0.214355 0.722005 0.083008 0.055990
1 0.414062 0.537109 0.085938 0.032552
1 0.487305 0.596354 0.041016 0.036458
1 0.537598 0.609375 0.047852 0.031250
1 0.535645 0.565104 0.051758 0.036458
1 0.488770 0.548828 0.034180 0.035156
1 0.947266 0.139323 0.105469 0.216146
1 0.847656 0.204427 0.044922 0.169271
5 0.398159 0.794551 0.321689 0.382747
