1 0.395508 0.149740 0.058594 0.263021
1 0.318848 0.701823 0.051758 0.218750
1 0.708984 0.029948 0.134766 0.052083
1 0.579102 0.044271 0.105469 0.078125
1 0.471680 0.152344 0.078125 0.263021
1 0.738770 0.907552 0.127930 0.179688
1 0.853516 0.797526 0.292969 0.167969
1 0.971680 0.154297 0.054688 0.285156
1 0.860352 0.148438 0.134766 0.286458
1 0.079102 0.356771 0.085938 0.500000
1 0.135254 0.347005 0.069336 0.464844
1 0.348633 0.170573 0.042969 0.255208
1 0.282715 0.673828 0.038086 0.194010
1 0.393555 0.804688 0.085938 0.127604
1 0.388184 0.687500 0.081055 0.125000
1 0.384766 0.576823 0.087891 0.088542
1 0.304688 0.547526 0.074219 0.069010
1 0.900879 0.932292 0.176758 0.130208
