1 0.248047 0.794271 0.121094 0.328125
5 0.575195 0.742188 0.205078 0.387153
3 0.355127 0.278845 0.191367 0.351163
1 0.357422 0.737847 0.109375 0.086806
1 0.157227 0.810764 0.074219 0.343750
2 0.825684 0.656250 0.254883 0.680556
1 0.023438 0.028646 0.044922 0.057292
1 0.640625 0.128472 0.046875 0.218750
1 0.601562 0.133681 0.039062 0.243056
1 0.570312 0.151910 0.023438 0.244792
1 0.548340 0.173611 0.018555 0.243056
1 0.604004 0.937500 0.051758 0.118056
1 0.563477 0.906250 0.044922 0.180556
1 0.355469 0.902778 0.103516 0.065972
1 0.353516 0.822917 0.119141 0.086806
1 0.353516 0.656250 0.105469 0.076389
