1 0.860352 0.885802 0.042969 0.058642
1 0.246094 0.817901 0.056641 0.055556
1 0.856934 0.807870 0.036133 0.035494
1 0.858887 0.847222 0.038086 0.058642
1 0.238281 0.716821 0.023438 0.035494
1 0.259766 0.703704 0.031250 0.027778
1 0.251465 0.739969 0.038086 0.047840
1 0.254883 0.775463 0.042969 0.041667
6 0.213379 0.777778 0.131836 0.209877
5 0.722168 0.658951 0.077148 0.049383
4 0.650391 0.663580 0.062500 0.083333
6 0.887207 0.866512 0.118164 0.192901
7 0.430176 0.680556 0.184570 0.151235
5 0.493164 0.797840 0.072266 0.166667
3 0.470752 0.393009 0.235293 0.443302
