1 0.707031 0.299479 0.148438 0.333333
1 0.882812 0.298177 0.148438 0.333333
1 0.773438 0.940104 0.179688 0.111979
1 0.777344 0.819010 0.183594 0.091146
1 0.616699 0.884766 0.067383 0.225260
1 0.410645 0.956380 0.288086 0.079427
1 0.417480 0.856120 0.284180 0.097656
1 0.075195 0.305339 0.117188 0.282552
1 0.203613 0.300130 0.125977 0.279948
1 0.037598 0.877604 0.067383 0.114583
1 0.127441 0.892578 0.079102 0.108073
1 0.223145 0.839844 0.069336 0.229167
1 0.124512 0.764323 0.098633 0.083333
1 0.035645 0.752604 0.069336 0.075521
