2 0.767090 0.361979 0.194336 0.205729
2 0.755859 0.652995 0.197266 0.313802
1 0.557129 0.622396 0.129883 0.046875
1 0.145020 0.851562 0.127930 0.250000
1 0.255859 0.837240 0.121094 0.252604
1 0.551270 0.812500 0.125977 0.140625
1 0.554688 0.699219 0.125000 0.046875
1 0.747559 0.118490 0.096680 0.158854
1 0.641602 0.109375 0.105469 0.156250
1 0.544922 0.136719 0.089844 0.234375
1 0.446777 0.136719 0.096680 0.234375
1 0.346191 0.173828 0.096680 0.319010
1 0.233887 0.079427 0.116211 0.140625
1 0.113770 0.072917 0.114258 0.140625
