1 0.655273 0.361328 0.039062 0.113281
3 0.433975 0.328086 0.119375 0.196849
1 0.250977 0.649740 0.062500 0.106771
1 0.756836 0.623698 0.056641 0.119792
1 0.319336 0.635417 0.056641 0.109375
1 0.178223 0.649089 0.065430 0.118490
1 0.099609 0.654297 0.058594 0.113281
1 0.921387 0.302083 0.069336 0.049479
5 0.509277 0.650391 0.389648 0.259115
1 0.853516 0.306641 0.072266 0.037760
1 0.780273 0.350260 0.027344 0.122396
1 0.739258 0.314453 0.046875 0.058594
2 0.846680 0.417969 0.105469 0.119792
2 0.843262 0.609375 0.100586 0.250000
1 0.087891 0.330729 0.074219 0.156250
1 0.169922 0.336589 0.089844 0.167969
1 0.259766 0.338542 0.085938 0.158854
1 0.336426 0.339844 0.069336 0.138021
1 0.565430 0.345052 0.044922 0.127604
1 0.613770 0.358724 0.038086 0.121094
1 0.695312 0.322266 0.042969 0.050781
