1 0.682129 0.533764 0.129883 0.041667
1 0.676270 0.657328 0.131836 0.035920
1 0.676758 0.703305 0.119141 0.053161
1 0.681641 0.747845 0.109375 0.041667
1 0.683105 0.803879 0.125977 0.041667
4 0.279297 0.909483 0.097656 0.152299
6 0.596191 0.666667 0.313477 0.370690
4 0.728516 0.912356 0.193359 0.137931
1 0.681641 0.586207 0.136719 0.060345
1 0.521973 0.550287 0.145508 0.043103
1 0.521484 0.603448 0.134766 0.057471
1 0.520020 0.676006 0.161133 0.053161
1 0.520020 0.734914 0.145508 0.041667
1 0.520508 0.778017 0.136719 0.050287
1 0.520508 0.831178 0.140625 0.044540
3 0.802661 0.324418 0.053682 0.289181
3 0.904238 0.428355 0.093320 0.078894
