1 0.503906 0.396132 0.023438 0.116046
1 0.318848 0.373926 0.049805 0.171920
1 0.291016 0.631805 0.060547 0.048711
1 0.291016 0.702006 0.058594 0.048711
0 0.950684 0.499284 0.067383 0.227794
1 0.814941 0.353868 0.063477 0.169054
1 0.643555 0.364613 0.031250 0.087393
1 0.606445 0.369628 0.023438 0.065903
1 0.573730 0.397564 0.020508 0.121777
1 0.539062 0.384670 0.039062 0.130372
1 0.268555 0.358883 0.044922 0.176218
4 0.584961 0.803009 0.162109 0.382521
4 0.703125 0.732808 0.058594 0.310888
1 0.197266 0.267908 0.078125 0.146132
1 0.098633 0.231375 0.103516 0.181948
1 0.690430 0.358166 0.046875 0.134670
1 0.745605 0.345272 0.047852 0.143266
1 0.818848 0.645415 0.063477 0.121777
1 0.815430 0.516476 0.062500 0.121777
1 0.304688 0.584527 0.087891 0.031519
2 0.358887 0.779370 0.065430 0.269341
2 0.155762 0.714183 0.178711 0.124642
2 0.202637 0.483524 0.069336 0.265043
2 0.112305 0.489971 0.109375 0.292264
3 0.385679 0.368109 0.072881 0.245444
5 0.516040 0.767994 0.398936 0.427307
1 0.478516 0.384670 0.023438 0.121777
