1 0.723633 0.228341 0.105469 0.204112
1 0.341309 0.309838 0.065430 0.232012
1 0.249512 0.314244 0.063477 0.252570
1 0.157227 0.947871 0.072266 0.098385
1 0.221680 0.910426 0.056641 0.170338
1 0.190430 0.303965 0.046875 0.293686
1 0.723633 0.669604 0.091797 0.643172
1 0.822754 0.546990 0.084961 0.406755
1 0.830566 0.232012 0.096680 0.193833
1 0.273926 0.724670 0.034180 0.051395
1 0.347656 0.869310 0.076172 0.232012
2 0.433105 0.643172 0.112305 0.704846
2 0.569336 0.649780 0.156250 0.694567
1 0.279297 0.883260 0.042969 0.221733
1 0.325684 0.703377 0.067383 0.070485
