1 0.401855 0.544271 0.022461 0.026042
1 0.441895 0.682943 0.034180 0.188802
1 0.492676 0.698568 0.047852 0.201823
1 0.645508 0.169922 0.060547 0.243490
1 0.577637 0.170573 0.063477 0.184896
1 0.520020 0.196615 0.049805 0.151042
1 0.462891 0.246745 0.054688 0.188802
1 0.411133 0.258464 0.042969 0.188802
1 0.320801 0.251302 0.112305 0.190104
1 0.216309 0.195964 0.083008 0.118490
1 0.046387 0.220052 0.038086 0.218750
2 0.841309 0.658854 0.315430 0.661458
2 0.844727 0.167318 0.308594 0.222656
1 0.367188 0.652344 0.023438 0.156250
1 0.398438 0.712240 0.023438 0.065104
1 0.041504 0.667318 0.051758 0.180990
1 0.038574 0.531250 0.047852 0.028646
1 0.125488 0.177083 0.083008 0.122396
1 0.404297 0.651693 0.031250 0.050781
1 0.400391 0.600260 0.025391 0.041667
1 0.312012 0.531250 0.051758 0.036458
1 0.310059 0.643880 0.047852 0.157552
1 0.371094 0.533203 0.023438 0.029948
