3 0.061880 0.177387 0.114893 0.342656
1 0.544922 0.753472 0.062500 0.343750
1 0.466797 0.768229 0.085938 0.164931
1 0.462402 0.659722 0.096680 0.090278
1 0.807129 0.918403 0.256836 0.156250
1 0.742676 0.335938 0.127930 0.605903
1 0.881836 0.343750 0.166016 0.656250
1 0.631348 0.793403 0.094727 0.357639
1 0.626465 0.107639 0.081055 0.197917
1 0.551270 0.105035 0.067383 0.196181
1 0.837891 0.852431 0.273438 0.204861
1 0.468262 0.598090 0.096680 0.081597
1 0.438965 0.418403 0.049805 0.270833
1 0.488281 0.414062 0.056641 0.286458
1 0.837891 0.718750 0.294922 0.159722
3 0.186616 0.213220 0.125146 0.304983
