1 0.061523 0.228774 0.087891 0.113208
6 0.056641 0.340802 0.089844 0.356132
6 0.178223 0.462264 0.143555 0.127358
6 0.968262 0.436321 0.061523 0.188679
6 0.891113 0.430425 0.090820 0.176887
6 0.809082 0.347877 0.067383 0.337264
6 0.704102 0.466981 0.136719 0.117925
6 0.553711 0.435142 0.148438 0.181604
6 0.434082 0.428066 0.083008 0.176887
1 0.175781 0.436321 0.132812 0.056604
1 0.061523 0.344340 0.070312 0.113208
1 0.058105 0.459906 0.079102 0.103774
1 0.971680 0.497642 0.054688 0.056604
1 0.806641 0.257075 0.060547 0.047170
1 0.812012 0.402123 0.065430 0.228774
1 0.702637 0.492925 0.129883 0.061321
1 0.700684 0.436321 0.131836 0.056604
1 0.553223 0.377358 0.147461 0.047170
1 0.547852 0.431604 0.138672 0.056604
1 0.551758 0.492925 0.136719 0.047170
1 0.433105 0.488208 0.083008 0.047170
1 0.433105 0.431604 0.079102 0.042453
1 0.432129 0.372642 0.083008 0.051887
1 0.320312 0.113208 0.136719 0.103774
1 0.322266 0.224057 0.136719 0.108491
1 0.320312 0.339623 0.136719 0.108491
1 0.322266 0.450472 0.136719 0.117925
1 0.176270 0.497642 0.129883 0.047170
6 0.319824 0.286557 0.141602 0.459906
1 0.969727 0.436321 0.058594 0.051887
1 0.808594 0.205189 0.056641 0.047170
1 0.967773 0.372642 0.058594 0.056604
1 0.898926 0.464623 0.069336 0.103774
1 0.888672 0.377358 0.076172 0.061321
