1 0.468750 0.650000 0.078125 0.200000
1 0.542969 0.554412 0.060547 0.044118
1 0.598145 0.544118 0.047852 0.047059
1 0.391602 0.653676 0.054688 0.204412
1 0.549805 0.624265 0.046875 0.089706
1 0.605469 0.609559 0.058594 0.083824
4 0.850098 0.877941 0.133789 0.094118
4 0.661621 0.930147 0.157227 0.101471
1 0.732422 0.241912 0.076172 0.186765
1 0.563477 0.258824 0.041016 0.158824
2 0.150391 0.446324 0.140625 0.166176
1 0.612305 0.256618 0.054688 0.154412
2 0.159180 0.712500 0.136719 0.325000
1 0.669434 0.241912 0.065430 0.186765
1 0.816406 0.231618 0.085938 0.222059
1 0.924805 0.225735 0.119141 0.251471
