1 0.435547 0.359375 0.062500 0.130208
1 0.594727 0.412760 0.074219 0.197917
1 0.645508 0.333984 0.025391 0.201823
8 0.238770 0.583333 0.069336 0.427083
2 0.327637 0.645182 0.049805 0.391927
5 0.765625 0.800130 0.435547 0.389323
3 0.857227 0.393704 0.105625 0.340221
3 0.658154 0.496979 0.041016 0.077760
1 0.504395 0.652344 0.065430 0.031250
1 0.502930 0.746094 0.058594 0.140625
1 0.676758 0.316406 0.041016 0.229167
2 0.410645 0.649740 0.096680 0.372396
1 0.964355 0.337891 0.067383 0.587240
1 0.513672 0.408854 0.076172 0.205729
1 0.365234 0.354818 0.072266 0.128906
