1 0.875977 0.325025 0.091797 0.259410
1 0.586426 0.840285 0.114258 0.242116
1 0.860840 0.759410 0.084961 0.200407
1 0.935547 0.733469 0.058594 0.187182
1 0.133301 0.564090 0.190430 0.088505
1 0.130859 0.314852 0.214844 0.387589
1 0.942383 0.602238 0.072266 0.046796
1 0.370117 0.361139 0.109375 0.164802
1 0.854980 0.619023 0.081055 0.041709
1 0.873047 0.507630 0.074219 0.050865
1 0.329102 0.702950 0.164062 0.069176
1 0.166504 0.729908 0.161133 0.066124
1 0.331055 0.864191 0.150391 0.190234
1 0.178223 0.883011 0.147461 0.199390
1 0.702637 0.815361 0.096680 0.230926
