1 0.490723 0.264706 0.051758 0.147059
2 0.808105 0.475000 0.063477 0.450000
2 0.889648 0.501471 0.087891 0.464706
1 0.494141 0.603676 0.148438 0.054412
1 0.643555 0.566176 0.125000 0.050000
1 0.179688 0.649265 0.074219 0.057353
1 0.151855 0.161765 0.051758 0.108824
1 0.208008 0.161765 0.072266 0.108824
1 0.537598 0.258824 0.038086 0.126471
1 0.589844 0.254412 0.041016 0.129412
3 0.351914 0.294044 0.092871 0.174971
5 0.432871 0.710029 0.599355 0.488471
3 0.010771 0.337779 0.021543 0.369382
4 0.626465 0.775000 0.104492 0.250000
1 0.721191 0.496324 0.079102 0.036765
4 0.492676 0.813235 0.129883 0.279412
1 0.835938 0.196324 0.078125 0.075000
1 0.920898 0.186765 0.091797 0.076471
1 0.637695 0.258824 0.054688 0.144118
1 0.698730 0.264706 0.049805 0.150000
1 0.541016 0.383824 0.041016 0.079412
1 0.744629 0.433824 0.020508 0.026471
1 0.760254 0.433824 0.020508 0.029412
1 0.754883 0.283824 0.046875 0.214706
