1 0.270182 0.643555 0.134115 0.076172
1 0.550130 0.582520 0.141927 0.079102
1 0.697917 0.585938 0.143229 0.076172
6 0.423112 0.684473 0.757682 0.621289
1 0.140625 0.636230 0.127604 0.081055
1 0.145833 0.707031 0.122396 0.070312
1 0.270833 0.719727 0.130208 0.076172
1 0.407552 0.655762 0.140625 0.083008
1 0.135417 0.480469 0.122396 0.076172
1 0.135417 0.332031 0.125000 0.076172
1 0.408203 0.725586 0.136719 0.076172
1 0.549479 0.653809 0.145833 0.081055
1 0.699219 0.746094 0.153646 0.089844
6 0.247396 0.240723 0.380208 0.254883
1 0.697917 0.667480 0.151042 0.096680
1 0.547526 0.735352 0.141927 0.089844
1 0.594401 0.448730 0.371094 0.034180
1 0.237630 0.438965 0.324219 0.034180
1 0.552083 0.494141 0.143229 0.087891
1 0.408854 0.493652 0.140625 0.079102
1 0.273438 0.159180 0.140625 0.076172
1 0.127604 0.157227 0.138021 0.070312
1 0.134115 0.250977 0.135417 0.074219
1 0.270182 0.486816 0.134115 0.067383
1 0.703125 0.504395 0.156250 0.079102
1 0.137370 0.563965 0.128906 0.081055
1 0.406250 0.571777 0.140625 0.079102
1 0.269531 0.566895 0.138021 0.079102
1 0.276693 0.250977 0.136719 0.076172
1 0.270182 0.332520 0.141927 0.079102
