1 0.379395 0.145833 0.096680 0.067708
8 0.045850 0.429036 0.091699 0.605469
2 0.805176 0.641276 0.221680 0.368490
1 0.282227 0.234375 0.103516 0.203125
1 0.612305 0.567057 0.148438 0.048177
1 0.360352 0.671224 0.093750 0.201823
1 0.458984 0.679688 0.105469 0.187500
1 0.608398 0.762370 0.132812 0.087240
1 0.615723 0.692057 0.131836 0.048177
1 0.606445 0.630208 0.138672 0.052083
2 0.810547 0.378906 0.230469 0.171875
1 0.878418 0.130208 0.100586 0.091146
1 0.764648 0.136719 0.103516 0.088542
1 0.617676 0.218099 0.159180 0.222656
1 0.478516 0.142578 0.105469 0.076823
