1 0.690430 0.855570 0.076172 0.094560
1 0.693359 0.790155 0.072266 0.033679
1 0.624023 0.845855 0.041016 0.095855
1 0.577637 0.838083 0.049805 0.103627
1 0.429199 0.365285 0.049805 0.111399
5 0.678223 0.765544 0.307617 0.059585
5 0.679688 0.275259 0.294922 0.076425
5 0.418945 0.259715 0.167969 0.086788
5 0.242188 0.761010 0.166016 0.042746
5 0.418457 0.795337 0.163086 0.090674
1 0.936523 0.878238 0.072266 0.095855
1 0.988770 0.893135 0.018555 0.086788
1 0.991211 0.825777 0.015625 0.029793
1 0.875977 0.665803 0.060547 0.025907
1 0.922852 0.663860 0.029297 0.022021
1 0.949219 0.663212 0.025391 0.023316
1 0.975098 0.661269 0.020508 0.027202
1 0.994141 0.663212 0.007812 0.031088
1 0.773926 0.869819 0.079102 0.110104
1 0.873047 0.816062 0.058594 0.033679
1 0.943848 0.826425 0.069336 0.031088
1 0.873047 0.874352 0.054688 0.080311
1 0.169434 0.617228 0.051758 0.141192
2 0.087891 0.843912 0.136719 0.195596
1 0.223633 0.593912 0.044922 0.076425
2 0.081055 0.679404 0.132812 0.110104
1 0.344727 0.097150 0.042969 0.111399
1 0.307129 0.093912 0.032227 0.125648
1 0.266602 0.062824 0.041016 0.079016
1 0.223633 0.066062 0.042969 0.072539
1 0.167480 0.097798 0.051758 0.138601
1 0.325195 0.322539 0.027344 0.088083
1 0.490234 0.421632 0.041016 0.117876
1 0.370605 0.328368 0.047852 0.091969
1 0.187012 0.380181 0.051758 0.034974
1 0.187012 0.349741 0.049805 0.025907
1 0.187500 0.311528 0.046875 0.034974
2 0.085938 0.324482 0.132812 0.203368
2 0.079590 0.159974 0.143555 0.115285
3 0.457837 0.639592 0.094658 0.150868
1 0.341309 0.848446 0.016602 0.098446
1 0.370605 0.863342 0.032227 0.107513
1 0.403809 0.880829 0.036133 0.119171
1 0.185547 0.898316 0.054688 0.034974
1 0.474609 0.839378 0.058594 0.046632
1 0.771973 0.797927 0.084961 0.033679
1 0.466797 0.902202 0.058594 0.107513
1 0.187012 0.862694 0.047852 0.031088
1 0.183105 0.832902 0.049805 0.033679
1 0.185059 0.802461 0.047852 0.027202
1 0.341797 0.623705 0.044922 0.107513
1 0.299805 0.621762 0.031250 0.121762
1 0.262695 0.600389 0.039062 0.079016
1 0.322266 0.847798 0.023438 0.099741
