1 0.667969 0.562500 0.150391 0.067708
4 0.432129 0.483073 0.473633 0.924479
1 0.681641 0.506510 0.123047 0.041667
1 0.704102 0.452474 0.085938 0.048177
1 0.223633 0.065755 0.105469 0.055990
1 0.266602 0.016276 0.185547 0.029948
1 0.579590 0.020833 0.206055 0.041667
1 0.581055 0.083333 0.179688 0.067708
1 0.612305 0.168620 0.140625 0.063802
1 0.625977 0.212891 0.093750 0.063802
1 0.704102 0.330078 0.085938 0.048177
1 0.706055 0.393229 0.085938 0.059896
1 0.240723 0.519531 0.081055 0.057292
1 0.228027 0.469401 0.049805 0.045573
