1 0.763672 0.893229 0.078125 0.098958
1 0.335938 0.906250 0.109375 0.182292
1 0.526855 0.364583 0.100586 0.283854
1 0.420898 0.363932 0.101562 0.282552
1 0.792480 0.276042 0.081055 0.171875
1 0.907715 0.375000 0.131836 0.390625
1 0.452637 0.899740 0.100586 0.197917
1 0.558594 0.896484 0.029297 0.199219
1 0.608398 0.378906 0.044922 0.278646
1 0.651855 0.375000 0.038086 0.281250
1 0.711426 0.289714 0.065430 0.141927
1 0.333008 0.768229 0.119141 0.065104
1 0.449219 0.768880 0.117188 0.069010
1 0.558105 0.762370 0.038086 0.058594
1 0.308105 0.360677 0.100586 0.296875
2 0.178223 0.677083 0.176758 0.627604
2 0.042480 0.680339 0.083008 0.636719
