1 0.523926 0.232746 0.065430 0.221733
2 0.893555 0.601322 0.197266 0.491924
1 0.346680 0.483113 0.091797 0.049927
1 0.350098 0.566814 0.094727 0.111601
1 0.259766 0.509545 0.078125 0.046990
1 0.268555 0.594714 0.076172 0.126285
1 0.465820 0.232012 0.041016 0.185022
1 0.058594 0.196769 0.074219 0.276065
1 0.426270 0.234214 0.036133 0.162996
2 0.818848 0.879589 0.194336 0.234949
3 0.304419 0.297137 0.132529 0.173803
1 0.659180 0.773862 0.062500 0.234949
1 0.674805 0.645374 0.089844 0.080764
1 0.421387 0.560940 0.036133 0.126285
1 0.419434 0.478708 0.036133 0.046990
