1 0.188477 0.737921 0.091797 0.093704
1 0.393555 0.317716 0.085938 0.090776
1 0.460938 0.446559 0.042969 0.219619
1 0.197266 0.418741 0.072266 0.251830
1 0.121094 0.418741 0.074219 0.260615
5 0.868652 0.688141 0.260742 0.105417
5 0.694824 0.871889 0.596680 0.229868
1 0.507812 0.455344 0.044922 0.219619
1 0.301270 0.307467 0.096680 0.093704
2 0.381836 0.658858 0.093750 0.424597
2 0.289551 0.668375 0.081055 0.458272
2 0.342773 0.407028 0.181641 0.081991
1 0.190430 0.838214 0.074219 0.098097
0 0.621694 0.555417 0.074775 0.393997
8 0.632603 0.554597 0.093486 0.393206
