1 0.223145 0.902995 0.067383 0.089844
2 0.056641 0.781250 0.078125 0.406250
2 0.054688 0.463542 0.074219 0.223958
1 0.759766 0.208333 0.167969 0.276042
1 0.922852 0.217448 0.140625 0.263021
1 0.165527 0.843099 0.038086 0.074219
1 0.225098 0.279297 0.051758 0.141927
1 0.280273 0.371745 0.058594 0.368490
1 0.353516 0.380859 0.078125 0.381510
1 0.164551 0.933594 0.038086 0.125000
1 0.216797 0.952474 0.058594 0.089844
1 0.174316 0.274089 0.036133 0.139323
1 0.450684 0.265625 0.098633 0.265625
1 0.579590 0.258464 0.147461 0.282552
