1 0.741306 0.463793 0.053645 0.078587
1 0.908694 0.429413 0.053645 0.031870
1 0.825000 0.414717 0.053645 0.031870
1 0.677935 0.387435 0.053645 0.031870
1 0.744419 0.398457 0.053645 0.031870
5 0.394669 0.585511 0.124435 0.092935
4 0.190903 0.564489 0.280903 0.274152
4 0.484871 0.514880 0.185000 0.271543
0 0.551919 0.217239 0.110323 0.424870
3 0.953476 0.171435 0.093048 0.310174
1 0.889403 0.494511 0.053645 0.067065
1 0.830234 0.476163 0.053661 0.051370
1 0.677476 0.440402 0.053661 0.057022
5 0.774694 0.866185 0.446742 0.267630
