1 0.437256 0.690430 0.051365 0.107422
1 0.535761 0.395508 0.039012 0.103516
1 0.635241 0.420898 0.058518 0.091797
1 0.236021 0.179688 0.029909 0.105469
1 0.689857 0.162598 0.058518 0.110352
1 0.762029 0.135254 0.062419 0.081055
1 0.835501 0.117676 0.092328 0.079102
1 0.611834 0.886719 0.068921 0.039062
0 0.038362 0.811523 0.068921 0.357422
0 0.988947 0.799316 0.019506 0.344727
1 0.829649 0.638184 0.093628 0.083008
1 0.748375 0.646973 0.066320 0.081055
1 0.661899 0.685059 0.062419 0.131836
1 0.598179 0.685547 0.062419 0.107422
1 0.539662 0.685547 0.049415 0.119141
1 0.485696 0.688477 0.045514 0.105469
1 0.412874 0.368652 0.032510 0.079102
1 0.455137 0.378906 0.039012 0.085938
1 0.492848 0.389648 0.039012 0.089844
1 0.583225 0.407715 0.042913 0.096680
1 0.406372 0.188477 0.066320 0.093750
1 0.496749 0.183594 0.052016 0.087891
1 0.541612 0.181152 0.045514 0.098633
1 0.581925 0.173340 0.045514 0.098633
5 0.389467 0.919434 0.539662 0.083008
1 0.135241 0.685547 0.028609 0.123047
2 0.161248 0.239258 0.023407 0.117188
2 0.168401 0.403809 0.029909 0.194336
1 0.632640 0.172852 0.055917 0.103516
1 0.338101 0.848145 0.036411 0.018555
1 0.381664 0.856934 0.040312 0.018555
1 0.282185 0.183105 0.059818 0.094727
1 0.185956 0.688965 0.070221 0.112305
