1 0.488281 0.628255 0.042969 0.063802
1 0.485840 0.707031 0.051758 0.065104
1 0.487305 0.561198 0.046875 0.059896
1 0.960938 0.180990 0.076172 0.239583
1 0.849609 0.128906 0.117188 0.182292
1 0.731934 0.131510 0.100586 0.197917
1 0.641602 0.166667 0.072266 0.268229
1 0.556641 0.175130 0.091797 0.277344
0 0.056152 0.527344 0.112305 0.898438
2 0.335938 0.662109 0.259766 0.472656
2 0.322754 0.253906 0.268555 0.322917
1 0.600098 0.649740 0.063477 0.270833
1 0.482422 0.785807 0.054688 0.087240
1 0.541504 0.644531 0.049805 0.263021
