1 0.490723 0.241228 0.081055 0.239766
1 0.729980 0.227339 0.079102 0.223684
1 0.560547 0.241959 0.060547 0.238304
5 0.579102 0.546053 0.408203 0.051170
2 0.928223 0.639620 0.116211 0.714912
2 0.834473 0.643275 0.051758 0.687135
1 0.787109 0.219298 0.039062 0.233918
1 0.827637 0.158626 0.047852 0.194444
1 0.886230 0.111842 0.081055 0.211988
1 0.955566 0.103801 0.083008 0.166667
1 0.489258 0.700292 0.074219 0.169591
1 0.481445 0.592836 0.072266 0.027778
1 0.681641 0.675439 0.029297 0.192982
1 0.727051 0.716374 0.032227 0.163743
1 0.752930 0.761696 0.027344 0.190058
1 0.780273 0.800439 0.039062 0.168129
1 0.622559 0.236111 0.063477 0.229532
1 0.672852 0.234649 0.041016 0.232456
