1 0.813965 0.046188 0.112305 0.063050
2 0.753906 0.744135 0.242188 0.239003
2 0.754883 0.566716 0.250000 0.095308
2 0.687988 0.312317 0.110352 0.413490
2 0.814941 0.303519 0.127930 0.434018
1 0.587891 0.529326 0.078125 0.041056
3 0.065688 0.221928 0.122686 0.344648
1 0.363770 0.507331 0.049805 0.038123
1 0.302734 0.441349 0.076172 0.557185
1 0.581055 0.684751 0.085938 0.258065
1 0.297852 0.079179 0.056641 0.155425
1 0.239258 0.329912 0.044922 0.316716
1 0.240723 0.078446 0.053711 0.153959
1 0.687012 0.041789 0.112305 0.080645
1 0.945312 0.024194 0.087891 0.045455
1 0.951172 0.467009 0.093750 0.813783
