1 0.954102 0.686198 0.087891 0.135417
3 0.496587 0.216686 0.075400 0.219310
1 0.652344 0.141276 0.085938 0.220052
1 0.145508 0.539062 0.044922 0.223958
1 0.086426 0.561198 0.081055 0.239583
1 0.062988 0.121745 0.063477 0.131510
1 0.131348 0.122396 0.063477 0.140625
1 0.191895 0.123698 0.065430 0.125000
1 0.304688 0.171875 0.078125 0.203125
1 0.246094 0.173828 0.041016 0.220052
1 0.473633 0.537760 0.072266 0.169271
1 0.403320 0.529297 0.072266 0.162760
1 0.367188 0.173177 0.046875 0.197917
1 0.570312 0.145182 0.074219 0.199219
1 0.953613 0.547526 0.081055 0.110677
1 0.956055 0.457031 0.085938 0.065104
2 0.776855 0.393229 0.094727 0.562500
2 0.867188 0.391927 0.078125 0.565104
1 0.678711 0.543620 0.078125 0.173177
1 0.676758 0.427734 0.076172 0.042969
