1 0.935059 0.089482 0.038086 0.084772
1 0.372559 0.958399 0.208008 0.073783
1 0.787109 0.941915 0.076172 0.103611
1 0.781738 0.812402 0.079102 0.130298
1 0.784180 0.688383 0.085938 0.083203
2 0.910156 0.672684 0.105469 0.522763
1 0.808105 0.049451 0.051758 0.064364
1 0.750000 0.071429 0.062500 0.127159
1 0.549316 0.054160 0.098633 0.083203
1 0.666016 0.176609 0.109375 0.337520
1 0.422852 0.051805 0.140625 0.100471
1 0.219727 0.232339 0.261719 0.417582
2 0.911133 0.264521 0.107422 0.249608
1 0.933594 0.021978 0.027344 0.031397
