1 0.214844 0.150805 0.078125 0.237189
1 0.841309 0.929722 0.313477 0.134700
1 0.148926 0.135432 0.065430 0.244510
0 0.453613 0.307467 0.069336 0.322108
0 0.579590 0.341142 0.100586 0.275256
4 0.430176 0.870425 0.323242 0.247438
1 0.658691 0.192533 0.051758 0.185944
1 0.357422 0.138360 0.054688 0.162518
1 0.838379 0.757687 0.319336 0.306003
1 0.890137 0.148609 0.047852 0.215227
2 0.049805 0.457540 0.093750 0.730600
1 0.313477 0.123719 0.042969 0.177160
4 0.205078 0.835286 0.250000 0.300146
5 0.572734 0.556069 0.821113 0.159283
