1 0.034668 0.057833 0.069336 0.115666
1 0.487305 0.160322 0.044922 0.191801
1 0.546387 0.172767 0.069336 0.190337
1 0.629883 0.169839 0.076172 0.193265
1 0.372070 0.546120 0.070312 0.043924
1 0.580566 0.497072 0.034180 0.077599
1 0.290527 0.565886 0.081055 0.054173
1 0.704102 0.108346 0.072266 0.079063
1 0.770020 0.102489 0.069336 0.090776
1 0.872070 0.170571 0.103516 0.215227
1 0.107422 0.070278 0.091797 0.120059
1 0.302734 0.628111 0.076172 0.046852
2 0.098633 0.603953 0.134766 0.780381
2 0.197266 0.580527 0.117188 0.742313
1 0.218262 0.116398 0.114258 0.177160
1 0.312012 0.112738 0.067383 0.125915
1 0.377930 0.112738 0.058594 0.125915
1 0.440430 0.155930 0.046875 0.194729
1 0.438965 0.580527 0.053711 0.057101
1 0.375977 0.603221 0.062500 0.055637
5 0.620117 0.447291 0.556641 0.054173
1 0.435547 0.524890 0.060547 0.051245
5 0.516602 0.682284 0.525391 0.143485
