1 0.464844 0.236264 0.041016 0.057387
1 0.197266 0.268010 0.044922 0.147741
5 0.183594 0.449939 0.310547 0.057387
0 0.813477 0.352259 0.042969 0.130647
2 0.634766 0.455433 0.125000 0.090354
1 0.281738 0.275336 0.032227 0.135531
2 0.636719 0.351038 0.123047 0.108669
1 0.100586 0.260073 0.046875 0.180708
1 0.148438 0.263126 0.039062 0.172161
1 0.414062 0.240537 0.044922 0.061050
1 0.320312 0.270452 0.042969 0.128205
1 0.242188 0.272894 0.041016 0.137973
1 0.532715 0.276557 0.069336 0.145299
1 0.362305 0.279609 0.039062 0.124542
1 0.277344 0.548230 0.025391 0.124542
1 0.238770 0.564713 0.036133 0.115995
1 0.336426 0.467033 0.034180 0.023199
4 0.376465 0.684371 0.184570 0.416361
4 0.583496 0.738095 0.194336 0.440781
