2 0.269531 0.692708 0.054688 0.385417
1 0.716309 0.535156 0.020508 0.065104
1 0.693848 0.526693 0.016602 0.063802
1 0.672852 0.565104 0.027344 0.018229
1 0.674805 0.533203 0.023438 0.035156
1 0.669922 0.498698 0.023438 0.031250
1 0.688965 0.287109 0.018555 0.180990
1 0.676758 0.285807 0.011719 0.183594
1 0.690430 0.145182 0.015625 0.066406
1 0.679688 0.149089 0.011719 0.063802
1 0.710938 0.246094 0.023438 0.106771
1 0.735352 0.234375 0.029297 0.119792
1 0.710938 0.133464 0.023438 0.058594
1 0.731445 0.111328 0.025391 0.066406
1 0.759277 0.091797 0.018555 0.071615
1 0.780273 0.078776 0.029297 0.074219
1 0.784180 0.268229 0.027344 0.239583
1 0.763184 0.270833 0.016602 0.221354
2 0.259766 0.373698 0.056641 0.213542
5 0.500977 0.610026 0.111328 0.264323
5 0.809082 0.632812 0.366211 0.101562
1 0.108398 0.149089 0.044922 0.126302
1 0.620605 0.233724 0.032227 0.167969
1 0.648926 0.228516 0.032227 0.173177
1 0.621094 0.453125 0.029297 0.250000
1 0.651855 0.448568 0.032227 0.238281
1 0.175781 0.686849 0.074219 0.055990
1 0.169434 0.873698 0.047852 0.205729
1 0.207520 0.817708 0.034180 0.174479
1 0.056152 0.238932 0.049805 0.368490
1 0.021484 0.257812 0.041016 0.377604
1 0.145508 0.156250 0.031250 0.085938
1 0.178223 0.167318 0.020508 0.055990
1 0.194336 0.098307 0.025391 0.079427
1 0.169434 0.082031 0.018555 0.078125
1 0.143555 0.051432 0.027344 0.079427
1 0.110840 0.042318 0.034180 0.071615
