2 0.887695 0.648438 0.107422 0.656250
1 0.557129 0.670898 0.036133 0.164062
1 0.423340 0.594727 0.034180 0.089844
1 0.686523 0.793945 0.070312 0.085938
4 0.204102 0.770508 0.156250 0.187500
4 0.368164 0.612793 0.039062 0.036133
8 0.029785 0.442383 0.053711 0.369141
1 0.604980 0.698730 0.051758 0.192383
1 0.770508 0.242188 0.058594 0.167969
1 0.841309 0.225586 0.065430 0.166016
4 0.121094 0.634277 0.031250 0.049805
4 0.374512 0.748047 0.149414 0.218750
1 0.577148 0.331055 0.039062 0.210938
1 0.173340 0.330566 0.081055 0.208008
2 0.774902 0.634766 0.065430 0.609375
1 0.403809 0.329102 0.069336 0.185547
1 0.470215 0.332520 0.069336 0.194336
1 0.520508 0.334473 0.041016 0.204102
1 0.549805 0.333008 0.023438 0.216797
1 0.666016 0.641113 0.046875 0.049805
1 0.708008 0.664062 0.031250 0.044922
1 0.690430 0.707520 0.070312 0.069336
1 0.177734 0.572266 0.103516 0.041016
3 0.717344 0.317212 0.037852 0.404697
