2 0.516113 0.710102 0.079102 0.140556
1 0.408691 0.117130 0.098633 0.225476
1 0.508301 0.125915 0.096680 0.225476
1 0.808594 0.144217 0.058594 0.247438
1 0.185547 0.267936 0.308594 0.193265
1 0.874023 0.131040 0.072266 0.224012
1 0.884766 0.628111 0.138672 0.090776
1 0.982422 0.647145 0.031250 0.079063
1 0.987305 0.786969 0.023438 0.150805
1 0.883301 0.739385 0.147461 0.134700
1 0.757812 0.699122 0.089844 0.101025
2 0.417480 0.409224 0.096680 0.349927
2 0.513672 0.409956 0.087891 0.310395
2 0.494141 0.610542 0.103516 0.079063
2 0.417480 0.684480 0.096680 0.203514
