3 0.455615 0.328442 0.048477 0.163682
3 0.827705 0.087856 0.027949 0.111807
0 0.685059 0.683105 0.147461 0.596680
4 0.921875 0.843750 0.029297 0.123047
0 0.223633 0.803711 0.025391 0.310547
2 0.061523 0.393555 0.103516 0.167969
2 0.065430 0.565430 0.105469 0.154297
1 0.223145 0.275391 0.065430 0.101562
4 0.888672 0.813965 0.039062 0.096680
5 0.908691 0.256836 0.149414 0.132812
4 0.932129 0.321289 0.083008 0.060547
4 0.821777 0.297852 0.083008 0.107422
4 0.774414 0.210449 0.058594 0.034180
1 0.280762 0.277344 0.049805 0.085938
5 0.250000 0.490234 0.244141 0.181641
5 0.531738 0.587891 0.131836 0.087891
4 0.903809 0.191895 0.051758 0.022461
1 0.370605 0.522949 0.063477 0.094727
1 0.308594 0.558105 0.046875 0.112305
