1 0.095215 0.891034 0.067383 0.057931
1 0.096680 0.948276 0.078125 0.056552
1 0.171387 0.828966 0.051758 0.038621
1 0.171387 0.882759 0.047852 0.068966
1 0.298340 0.658621 0.018555 0.064828
1 0.296875 0.735862 0.015625 0.070345
1 0.325684 0.693793 0.038086 0.052414
1 0.299316 0.832414 0.018555 0.114483
5 0.767090 0.933103 0.463867 0.133793
6 0.313965 0.317931 0.018555 0.095172
6 0.294434 0.295172 0.016602 0.096552
5 0.118164 0.695172 0.234375 0.126897
2 0.794434 0.562759 0.036133 0.402759
2 0.764648 0.556552 0.027344 0.354483
4 0.816406 0.832414 0.201172 0.064828
5 0.613770 0.711724 0.198242 0.284138
1 0.325195 0.626207 0.044922 0.044138
1 0.324219 0.775172 0.042969 0.080000
0 0.454126 0.531083 0.113818 0.440372
