1 0.523758 0.027174 0.086032 0.054348
4 0.116298 0.716533 0.232597 0.566935
1 0.489685 0.336478 0.079500 0.065000
1 0.492806 0.432641 0.079516 0.086891
1 0.247306 0.237837 0.053290 0.036283
1 0.313250 0.247761 0.050597 0.029435
1 0.252855 0.293815 0.059774 0.049326
1 0.278306 0.030652 0.067258 0.061304
1 0.351153 0.030978 0.073823 0.061957
1 0.435524 0.030761 0.083468 0.061522
5 0.745218 0.269000 0.352339 0.092130
5 0.160137 0.376196 0.216919 0.101478
4 0.345774 0.556413 0.113065 0.580913
4 0.623492 0.444739 0.162274 0.289174
1 0.823677 0.348728 0.079516 0.036283
1 0.815847 0.410707 0.079500 0.036283
1 0.802702 0.465554 0.079500 0.036283
1 0.486548 0.267272 0.079516 0.036283
