1 0.138040 0.756402 0.092855 0.224804
3 0.526581 0.185315 0.100065 0.219935
1 0.531032 0.901630 0.093742 0.196739
1 0.396452 0.888054 0.128065 0.223891
1 0.248315 0.792457 0.092855 0.224783
1 0.656194 0.177554 0.040129 0.179457
1 0.695806 0.181500 0.033871 0.167348
1 0.414685 0.141967 0.092855 0.283935
1 0.294798 0.141967 0.139758 0.283935
1 0.163161 0.149120 0.092839 0.295804
1 0.130702 0.579533 0.092855 0.030370
5 0.510968 0.575315 0.590710 0.292283
2 0.910266 0.460609 0.148371 0.269217
1 0.966048 0.092967 0.067903 0.059065
2 0.923089 0.245870 0.148371 0.128261
1 0.739661 0.177022 0.040613 0.167348
1 0.883427 0.100707 0.060242 0.059065
1 0.826484 0.104380 0.046387 0.059065
