5 0.387207 0.762811 0.627930 0.351391
1 0.601562 0.325037 0.044922 0.140556
2 0.657227 0.448755 0.060547 0.262079
2 0.734863 0.466325 0.081055 0.297218
2 0.737305 0.688141 0.062500 0.131772
1 0.328125 0.319912 0.062500 0.124451
1 0.328613 0.456808 0.049805 0.111274
1 0.323730 0.533675 0.049805 0.045388
1 0.406250 0.320644 0.046875 0.122987
1 0.451172 0.321376 0.042969 0.136164
1 0.500977 0.273792 0.042969 0.058565
1 0.551270 0.275988 0.049805 0.062958
1 0.676758 0.261347 0.078125 0.068814
3 0.193848 0.355051 0.129883 0.300146
1 0.750977 0.264275 0.074219 0.054173
5 0.496094 0.494143 0.244141 0.051245
9 0.841797 0.464861 0.099609 0.619327
