1 0.627930 0.606149 0.085938 0.067350
1 0.744141 0.680088 0.042969 0.247438
1 0.699219 0.703514 0.042969 0.276720
1 0.632812 0.836018 0.078125 0.105417
1 0.627930 0.713031 0.087891 0.128843
1 0.468750 0.025622 0.062500 0.051245
1 0.582520 0.157394 0.051758 0.306003
2 0.214355 0.419473 0.159180 0.759883
2 0.344727 0.422401 0.105469 0.692533
1 0.529297 0.155198 0.060547 0.284041
1 0.718262 0.191069 0.038086 0.262079
1 0.756348 0.200586 0.034180 0.251830
1 0.822754 0.639092 0.022461 0.235725
2 0.259766 0.901171 0.265625 0.191801
4 0.979980 0.762811 0.038086 0.254758
