0 0.304199 0.376302 0.125977 0.486979
5 0.468262 0.680990 0.073242 0.372396
6 0.577637 0.253255 0.364258 0.196615
5 0.803223 0.429036 0.288086 0.050781
4 0.578125 0.671875 0.134766 0.447917
5 0.824707 0.742839 0.342773 0.483073
1 0.704102 0.457682 0.039062 0.055990
1 0.675293 0.257812 0.069336 0.171875
1 0.603516 0.259115 0.054688 0.171875
1 0.529297 0.252604 0.085938 0.182292
1 0.447266 0.252604 0.076172 0.184896
2 0.187988 0.441406 0.065430 0.804688
1 0.098145 0.763021 0.036133 0.294271
1 0.049805 0.808594 0.058594 0.354167
1 0.061523 0.555339 0.103516 0.097656
1 0.756348 0.468099 0.047852 0.055990
3 0.844058 0.238171 0.068350 0.165247
3 0.964351 0.223594 0.064697 0.184687
