1 0.881348 0.223958 0.081055 0.260417
1 0.705566 0.134766 0.096680 0.126302
5 0.826660 0.874349 0.344727 0.243490
6 0.217285 0.095703 0.327148 0.173177
6 0.647949 0.196615 0.540039 0.320312
5 0.853516 0.606771 0.230469 0.197917
5 0.493652 0.738281 0.182617 0.390625
2 0.242676 0.341797 0.284180 0.259115
2 0.250000 0.747396 0.296875 0.494792
1 0.151855 0.098958 0.131836 0.140625
1 0.308594 0.109375 0.136719 0.140625
1 0.460938 0.200521 0.167969 0.307292
1 0.608398 0.119792 0.103516 0.140625
1 0.796387 0.221354 0.096680 0.270833
1 0.501465 0.783203 0.174805 0.225260
1 0.839355 0.684245 0.083008 0.100260
1 0.928223 0.666016 0.065430 0.100260
