2 0.667969 0.456380 0.156250 0.141927
1 0.481934 0.823568 0.018555 0.154948
2 0.672852 0.704427 0.156250 0.333333
1 0.555176 0.759115 0.065430 0.140625
1 0.497559 0.388021 0.051758 0.187500
1 0.450684 0.386719 0.032227 0.187500
1 0.419922 0.330078 0.023438 0.118490
1 0.388184 0.326172 0.032227 0.141927
1 0.354980 0.385417 0.047852 0.294271
1 0.295898 0.272786 0.054688 0.160156
1 0.229980 0.268229 0.079102 0.187500
1 0.452148 0.773438 0.027344 0.062500
1 0.457520 0.881510 0.032227 0.151042
1 0.501465 0.778646 0.020508 0.145833
1 0.723145 0.310547 0.096680 0.076823
1 0.558105 0.657552 0.053711 0.062500
1 0.558105 0.377604 0.053711 0.190104
3 0.969727 0.568750 0.058594 0.588021
1 0.636230 0.311198 0.083008 0.062500
