1 0.237305 0.506627 0.089844 0.194404
1 0.387695 0.525773 0.103516 0.223859
1 0.410645 0.240795 0.143555 0.198822
1 0.577148 0.219440 0.195312 0.253314
1 0.816406 0.191458 0.273438 0.279823
1 0.806641 0.899853 0.244141 0.194404
1 0.823730 0.577320 0.266602 0.315169
1 0.071777 0.104566 0.065430 0.114875
1 0.163086 0.921208 0.078125 0.151694
1 0.089355 0.874080 0.063477 0.157585
1 0.034180 0.830633 0.046875 0.135493
1 0.028320 0.651694 0.054688 0.128130
1 0.079102 0.667158 0.056641 0.138439
1 0.148438 0.693667 0.074219 0.147275
1 0.238770 0.730486 0.094727 0.182622
1 0.411133 0.799705 0.125000 0.229750
1 0.575684 0.859352 0.190430 0.260677
1 0.237305 0.264359 0.089844 0.175258
1 0.143555 0.283505 0.085938 0.163476
1 0.021484 0.122239 0.039062 0.147275
1 0.023438 0.303387 0.042969 0.141384
1 0.125977 0.071429 0.042969 0.104566
1 0.189941 0.050074 0.096680 0.097202
1 0.400391 0.041237 0.136719 0.061856
1 0.250977 0.935935 0.085938 0.122239
1 0.148438 0.487482 0.089844 0.167894
1 0.537109 0.567747 0.201172 0.284242
1 0.073730 0.301178 0.065430 0.139912
1 0.026855 0.477172 0.047852 0.135493
1 0.076172 0.474963 0.058594 0.163476
