1 0.657227 0.348529 0.070312 0.076471
1 0.588379 0.391912 0.067383 0.133824
1 0.516113 0.398529 0.069336 0.141176
1 0.826172 0.777206 0.091797 0.189706
1 0.818848 0.657353 0.096680 0.050000
1 0.577637 0.623529 0.065430 0.032353
1 0.728516 0.341176 0.076172 0.079412
3 0.429819 0.396103 0.080693 0.174971
1 0.579102 0.718382 0.060547 0.154412
1 0.367188 0.889706 0.109375 0.179412
1 0.261719 0.966176 0.087891 0.061765
1 0.221191 0.899265 0.161133 0.086765
1 0.220215 0.788971 0.174805 0.072059
1 0.806152 0.358824 0.081055 0.176471
1 0.862793 0.350735 0.038086 0.183824
1 0.457520 0.802941 0.063477 0.173529
1 0.450195 0.674265 0.072266 0.057353
1 0.359863 0.724265 0.112305 0.051471
