5 0.797852 0.779948 0.394531 0.406250
5 0.245605 0.615234 0.389648 0.235677
1 0.051270 0.298828 0.034180 0.214844
1 0.077637 0.305990 0.036133 0.218750
1 0.157227 0.311198 0.101562 0.179688
1 0.248047 0.264974 0.076172 0.100260
1 0.326172 0.264323 0.074219 0.104167
1 0.537109 0.244792 0.074219 0.080729
1 0.458008 0.253906 0.078125 0.083333
1 0.392090 0.307292 0.051758 0.179688
0 0.666504 0.389323 0.063477 0.348958
1 0.619141 0.768229 0.041016 0.174479
1 0.674805 0.839844 0.054688 0.192708
1 0.826172 0.936849 0.089844 0.121094
1 0.732422 0.884115 0.056641 0.203125
1 0.123047 0.910807 0.042969 0.149740
1 0.148926 0.841797 0.034180 0.167969
1 0.206055 0.662760 0.042969 0.179688
1 0.413086 0.656250 0.046875 0.140625
1 0.029297 0.305990 0.044922 0.250000
1 0.093262 0.968750 0.038086 0.057292
