1 0.363770 0.669107 0.081055 0.093704
1 0.797852 0.616398 0.105469 0.228404
1 0.223145 0.172767 0.065430 0.301611
1 0.266602 0.706442 0.117188 0.071742
1 0.266602 0.803075 0.119141 0.103953
1 0.273438 0.928258 0.109375 0.108346
1 0.369141 0.859444 0.076172 0.087848
1 0.480469 0.581991 0.041016 0.062958
1 0.481934 0.637628 0.038086 0.045388
3 0.803911 0.257650 0.168564 0.281889
1 0.481934 0.696193 0.036133 0.065886
1 0.484375 0.751830 0.046875 0.042460
1 0.556641 0.411420 0.117188 0.691069
1 0.365723 0.762079 0.081055 0.086384
5 0.757324 0.630307 0.270508 0.311859
5 0.267090 0.684480 0.469727 0.332357
1 0.426270 0.188873 0.038086 0.248902
1 0.282227 0.158858 0.056641 0.308931
2 0.919922 0.616398 0.054688 0.761347
1 0.145508 0.158126 0.087891 0.313324
1 0.678711 0.677160 0.125000 0.092240
