1 0.351562 0.281250 0.062500 0.218750
1 0.783691 0.654948 0.038086 0.049479
1 0.836426 0.880859 0.038086 0.233073
1 0.883301 0.909505 0.063477 0.173177
1 0.960449 0.956380 0.067383 0.079427
1 0.969727 0.864583 0.058594 0.117188
1 0.873047 0.734375 0.074219 0.078125
1 0.645020 0.220052 0.100586 0.096354
1 0.525879 0.225260 0.112305 0.088542
1 0.421387 0.281250 0.069336 0.203125
1 0.301270 0.273438 0.034180 0.247396
1 0.801758 0.921224 0.042969 0.100260
1 0.797852 0.817057 0.046875 0.071615
3 0.136436 0.397161 0.063789 0.177031
1 0.800293 0.731120 0.038086 0.042969
1 0.330566 0.779948 0.047852 0.184896
1 0.073730 0.156250 0.079102 0.205729
1 0.358887 0.739583 0.034180 0.161458
1 0.853027 0.438151 0.081055 0.256510
1 0.854980 0.218099 0.083008 0.152344
1 0.764648 0.221354 0.101562 0.145833
1 0.427734 0.717448 0.070312 0.161458
1 0.424316 0.595052 0.067383 0.049479
2 0.577148 0.386068 0.216797 0.175781
2 0.581055 0.652995 0.210938 0.321615
1 0.759766 0.549479 0.076172 0.494792
