1 0.304688 0.599609 0.025391 0.152344
1 0.199219 0.657552 0.023438 0.197917
1 0.237305 0.559896 0.054688 0.046875
1 0.237305 0.617839 0.046875 0.050781
1 0.236816 0.664714 0.047852 0.042969
1 0.238281 0.713542 0.054688 0.046875
3 0.361069 0.361504 0.161299 0.239362
1 0.162109 0.674479 0.041016 0.216146
1 0.803223 0.653646 0.018555 0.200521
1 0.837402 0.683594 0.047852 0.234375
1 0.895508 0.722005 0.060547 0.256510
1 0.963379 0.730469 0.069336 0.322917
1 0.056641 0.712891 0.058594 0.277344
1 0.114258 0.692057 0.044922 0.246094
4 0.696631 0.663802 0.073535 0.182812
1 0.282227 0.606771 0.027344 0.140625
1 0.384766 0.546224 0.150391 0.045573
1 0.388184 0.585286 0.141602 0.035156
1 0.386719 0.628906 0.140625 0.062500
1 0.534668 0.544922 0.147461 0.042969
1 0.634766 0.621745 0.058594 0.058594
1 0.637695 0.578776 0.056641 0.029948
1 0.671387 0.544922 0.131836 0.029948
1 0.536133 0.635417 0.150391 0.065104
1 0.533691 0.580729 0.141602 0.044271
1 0.966309 0.091797 0.063477 0.152344
1 0.895508 0.141276 0.062500 0.141927
1 0.837402 0.330729 0.049805 0.398438
1 0.799805 0.348958 0.023438 0.375000
