1 0.749512 0.108073 0.145508 0.153646
1 0.740723 0.467448 0.141602 0.460938
1 0.901855 0.095703 0.145508 0.128906
1 0.591309 0.138672 0.127930 0.139323
1 0.468750 0.164714 0.109375 0.134115
1 0.355469 0.177083 0.093750 0.125000
1 0.256348 0.206380 0.100586 0.097656
1 0.166016 0.219401 0.078125 0.097656
0 0.606934 0.567057 0.094727 0.631510
0 0.364258 0.550781 0.105469 0.486979
1 0.745605 0.828776 0.127930 0.259115
1 0.255859 0.442708 0.089844 0.307292
1 0.170898 0.449870 0.074219 0.295573
1 0.181641 0.620443 0.070312 0.045573
1 0.180176 0.669922 0.069336 0.042969
1 0.181641 0.721354 0.062500 0.062500
1 0.260742 0.675130 0.085938 0.063802
1 0.262695 0.630208 0.085938 0.049479
1 0.268066 0.748698 0.083008 0.075521
1 0.896484 0.845703 0.167969 0.253906
1 0.909180 0.472656 0.167969 0.484375
