1 0.618652 0.251953 0.110352 0.363281
1 0.331055 0.108073 0.197266 0.138021
6 0.161621 0.235026 0.145508 0.404948
1 0.640137 0.858073 0.110352 0.242188
6 0.556152 0.242188 0.252930 0.395833
6 0.333496 0.114583 0.213867 0.148438
1 0.513672 0.857422 0.121094 0.238281
1 0.513184 0.708333 0.129883 0.059896
5 0.569336 0.795573 0.306641 0.375000
5 0.164551 0.805990 0.149414 0.367188
1 0.164551 0.875000 0.127930 0.221354
1 0.159180 0.726562 0.138672 0.046875
0 0.878906 0.500651 0.226562 0.923177
1 0.645020 0.700521 0.110352 0.046875
