1 0.439941 0.158126 0.047852 0.166911
1 0.263672 0.619327 0.025391 0.079063
1 0.396973 0.302343 0.022461 0.238653
1 0.259277 0.558565 0.036133 0.033675
1 0.294922 0.563690 0.029297 0.032211
1 0.499023 0.118594 0.058594 0.169839
1 0.318848 0.581259 0.020508 0.029283
1 0.284180 0.361640 0.023438 0.158126
1 0.299805 0.621523 0.025391 0.051245
1 0.299805 0.673499 0.025391 0.040996
1 0.324219 0.688141 0.023438 0.055637
1 0.320312 0.628111 0.023438 0.046852
2 0.579102 0.587848 0.105469 0.756955
2 0.729980 0.575403 0.190430 0.843338
1 0.381348 0.589312 0.051758 0.033675
1 0.471680 0.795754 0.103516 0.103953
5 0.091797 0.765739 0.181641 0.418741
1 0.366699 0.688873 0.036133 0.127379
1 0.594727 0.070278 0.103516 0.105417
1 0.727051 0.052709 0.141602 0.055637
1 0.396973 0.704246 0.032227 0.125915
