1 0.425781 0.223958 0.074219 0.234375
1 0.585938 0.171875 0.089844 0.203125
4 0.748535 0.787760 0.092773 0.408854
5 0.224121 0.808594 0.340820 0.361979
2 0.070312 0.427083 0.119141 0.406250
1 0.877441 0.399740 0.114258 0.239583
1 0.969727 0.398438 0.058594 0.250000
1 0.969727 0.143880 0.056641 0.217448
1 0.881348 0.141276 0.114258 0.251302
1 0.775391 0.197917 0.085938 0.312500
1 0.682129 0.160156 0.100586 0.218750
4 0.550293 0.822266 0.293945 0.347656
1 0.341797 0.216797 0.076172 0.256510
1 0.500977 0.186198 0.072266 0.187500
6 0.906250 0.428385 0.175781 0.820312
1 0.183105 0.564453 0.079102 0.035156
1 0.129395 0.185547 0.096680 0.298177
