1 0.297852 0.192246 0.023438 0.103393
1 0.606650 0.630065 0.051758 0.037157
1 0.610811 0.500533 0.060547 0.032956
1 0.610127 0.532585 0.054688 0.025040
1 0.377441 0.542811 0.047852 0.138934
1 0.609102 0.562464 0.054688 0.024055
1 0.608340 0.594604 0.051758 0.020194
1 0.373047 0.234249 0.042969 0.161551
1 0.333008 0.234249 0.041016 0.177706
1 0.332031 0.568659 0.039062 0.155089
2 0.157715 0.558966 0.086523 0.607431
3 0.460415 0.280218 0.051279 0.184733
1 0.057129 0.556543 0.114258 0.189015
2 0.258301 0.494346 0.100586 0.491115
1 0.818848 0.239903 0.067383 0.227787
1 0.893066 0.619548 0.065430 0.182553
1 0.796387 0.600969 0.098633 0.174475
1 0.903320 0.241519 0.056641 0.224556
0 0.988770 0.586430 0.016602 0.539580
1 0.042480 0.252019 0.084961 0.326333
1 0.140137 0.148627 0.131836 0.132472
1 0.426270 0.526656 0.034180 0.129241
1 0.464355 0.531502 0.038086 0.145396
1 0.608887 0.233441 0.069336 0.198708
1 0.537109 0.235057 0.058594 0.198708
1 0.247070 0.153473 0.085938 0.096931
