1 0.664062 0.739354 0.025391 0.177680
1 0.613770 0.779736 0.065430 0.208517
1 0.546387 0.211454 0.063477 0.293686
1 0.693848 0.160793 0.067383 0.157122
1 0.533691 0.855360 0.069336 0.245228
1 0.464355 0.118209 0.083008 0.198238
1 0.617188 0.638767 0.056641 0.064611
1 0.275391 0.834068 0.152344 0.067548
1 0.289551 0.937592 0.157227 0.121880
1 0.441895 0.884728 0.096680 0.224670
1 0.691406 0.725404 0.023438 0.170338
8 0.943848 0.506608 0.110352 0.745962
5 0.406250 0.641703 0.433594 0.305433
2 0.085938 0.262849 0.171875 0.499266
2 0.088379 0.790015 0.176758 0.411160
1 0.221680 0.184288 0.091797 0.339207
1 0.354980 0.098385 0.114258 0.190896
