1 0.323730 0.156901 0.145508 0.173177
2 0.131836 0.706380 0.187500 0.444010
1 0.459961 0.195964 0.123047 0.230469
1 0.582520 0.198568 0.112305 0.220052
1 0.674805 0.208984 0.074219 0.212240
1 0.322754 0.692708 0.157227 0.122396
1 0.466797 0.677734 0.123047 0.092448
2 0.132812 0.370443 0.185547 0.201823
5 0.672363 0.797526 0.653320 0.113281
6 0.467773 0.666667 0.445312 0.098958
6 0.477539 0.191406 0.464844 0.307292
4 0.738281 0.920573 0.189453 0.130208
4 0.526855 0.930990 0.202148 0.109375
1 0.317383 0.807943 0.140625 0.089844
1 0.591797 0.666667 0.121094 0.093750
1 0.672852 0.639323 0.039062 0.052083
1 0.671387 0.690104 0.038086 0.046875
