1 0.645508 0.376302 0.074219 0.177083
1 0.576172 0.341146 0.060547 0.085938
5 0.608398 0.701823 0.634766 0.138021
4 0.789551 0.884115 0.209961 0.213542
4 0.580078 0.883464 0.203125 0.204427
4 0.370605 0.880208 0.196289 0.218750
2 0.343262 0.438802 0.127930 0.109375
0 0.748047 0.464844 0.042969 0.294271
1 0.314941 0.332682 0.063477 0.079427
1 0.385254 0.329427 0.069336 0.080729
2 0.348633 0.566406 0.119141 0.106771
1 0.456055 0.372396 0.062500 0.166667
1 0.653809 0.602865 0.069336 0.054688
1 0.459473 0.616536 0.053711 0.063802
1 0.516602 0.341146 0.062500 0.085938
