1 0.615234 0.188971 0.132812 0.351471
1 0.895020 0.186765 0.098633 0.326471
1 0.979980 0.213235 0.036133 0.314706
1 0.835938 0.847059 0.031250 0.297059
1 0.755859 0.201471 0.136719 0.329412
1 0.417480 0.788971 0.204102 0.169118
5 0.671875 0.605882 0.607422 0.170588
1 0.422852 0.934559 0.197266 0.122059
1 0.419434 0.663235 0.194336 0.094118
1 0.164551 0.043382 0.110352 0.086765
1 0.284180 0.053676 0.121094 0.083824
1 0.730469 0.694118 0.117188 0.079412
1 0.591309 0.678676 0.129883 0.086765
1 0.667969 0.944118 0.273438 0.108824
1 0.666016 0.816176 0.275391 0.182353
1 0.496094 0.189706 0.109375 0.347059
1 0.395020 0.179412 0.083008 0.344118
