1 0.197754 0.200269 0.083008 0.120968
1 0.282227 0.260081 0.062500 0.211022
5 0.226562 0.575941 0.453125 0.141129
2 0.193359 0.377016 0.072266 0.227151
2 0.112305 0.381048 0.076172 0.227151
1 0.667969 0.621640 0.027344 0.170699
1 0.113770 0.197581 0.081055 0.120968
3 0.856592 0.279234 0.187793 0.325941
5 0.789551 0.564516 0.397461 0.220430
5 0.422852 0.454973 0.345703 0.033602
4 0.074707 0.827285 0.149414 0.342742
4 0.284180 0.821237 0.171875 0.341398
1 0.341797 0.260753 0.042969 0.198925
1 0.297852 0.483871 0.105469 0.034946
1 0.514648 0.482527 0.056641 0.029570
1 0.520508 0.555108 0.056641 0.115591
1 0.605469 0.549059 0.023438 0.138441
1 0.664551 0.262769 0.034180 0.216398
1 0.636719 0.267473 0.015625 0.196237
1 0.561523 0.265457 0.044922 0.189516
1 0.509277 0.255376 0.051758 0.190860
1 0.449219 0.213038 0.042969 0.103495
1 0.390137 0.211022 0.065430 0.115591
1 0.699219 0.645161 0.029297 0.204301
1 0.774902 0.754032 0.114258 0.201613
1 0.776855 0.633065 0.079102 0.072581
1 0.928223 0.749328 0.131836 0.079301
1 0.896973 0.889785 0.110352 0.198925
1 0.982422 0.927419 0.031250 0.139785
