1 0.722168 0.359748 0.022461 0.189341
1 0.916504 0.230715 0.067383 0.349229
1 0.341797 0.723703 0.023438 0.030856
1 0.338379 0.670407 0.020508 0.056101
1 0.337402 0.621318 0.016602 0.036466
1 0.201172 0.798036 0.058594 0.283310
1 0.117188 0.846424 0.087891 0.301543
1 0.038086 0.847125 0.076172 0.168303
1 0.683105 0.723001 0.032227 0.079944
1 0.681641 0.653576 0.027344 0.039271
1 0.681641 0.608696 0.025391 0.042076
1 0.954102 0.814165 0.089844 0.237027
1 0.878906 0.843619 0.054688 0.293128
1 0.824219 0.812062 0.046875 0.319776
1 0.775391 0.808555 0.031250 0.172511
1 0.742188 0.774194 0.031250 0.159888
1 0.739258 0.355540 0.025391 0.197756
5 0.844238 0.632539 0.295898 0.120617
5 0.142578 0.650070 0.285156 0.166900
4 0.453125 0.659888 0.058594 0.152875
4 0.520020 0.647265 0.032227 0.147265
5 0.463867 0.584151 0.099609 0.023843
7 0.375000 0.629734 0.048828 0.207574
3 0.549521 0.334053 0.152578 0.076185
0 0.509824 0.470063 0.075195 0.188177
0 0.586157 0.470905 0.075205 0.188177
3 0.430815 0.429811 0.075986 0.278499
1 0.973145 0.199158 0.049805 0.381487
1 0.755859 0.340813 0.027344 0.213184
1 0.778809 0.328191 0.034180 0.224404
