4 0.340332 0.839678 0.176758 0.308931
4 0.945312 0.713031 0.107422 0.307467
4 0.809570 0.758419 0.128906 0.348463
4 0.222656 0.762811 0.085938 0.342606
4 0.542480 0.793558 0.155273 0.366032
9 0.450684 0.295022 0.047852 0.206442
9 0.186035 0.244510 0.102539 0.404100
9 0.701172 0.297950 0.076172 0.273792
9 0.335938 0.237921 0.091797 0.385066
9 0.086914 0.231332 0.060547 0.117130
1 0.966309 0.243777 0.045898 0.156662
1 0.914062 0.246706 0.044922 0.156662
4 0.504395 0.557101 0.079102 0.127379
4 0.810059 0.540996 0.086914 0.057101
4 0.045410 0.495608 0.051758 0.144949
4 0.137207 0.572474 0.036133 0.199122
4 0.429199 0.521962 0.061523 0.109810
4 0.583008 0.560029 0.083984 0.089312
5 0.870605 0.419473 0.249023 0.042460
