0 0.303223 0.354412 0.051758 0.144118
1 0.659180 0.531618 0.058594 0.033824
1 0.377930 0.293382 0.023438 0.172059
1 0.807129 0.624265 0.034180 0.154412
1 0.601562 0.521324 0.054688 0.033824
1 0.542480 0.513235 0.049805 0.029412
1 0.286133 0.608088 0.062500 0.101471
1 0.278809 0.536765 0.069336 0.026471
1 0.888184 0.683088 0.067383 0.136765
3 0.215332 0.333824 0.045898 0.220588
3 0.029785 0.340441 0.045898 0.275000
1 0.831055 0.278676 0.089844 0.239706
1 0.951172 0.261765 0.093750 0.261765
1 0.971680 0.616176 0.054688 0.041176
1 0.895508 0.583088 0.072266 0.051471
1 0.966309 0.726471 0.065430 0.176471
1 0.344727 0.522794 0.058594 0.025000
3 0.669434 0.333824 0.147461 0.238235
4 0.028809 0.568382 0.055664 0.139706
5 0.680176 0.490441 0.313477 0.072059
5 0.645508 0.707353 0.089844 0.311765
4 0.519043 0.749265 0.168945 0.395588
4 0.105469 0.544853 0.066406 0.166176
4 0.161621 0.530147 0.036133 0.160294
4 0.396484 0.722794 0.128906 0.377941
3 0.108887 0.338235 0.045898 0.244118
