1 0.369141 0.139974 0.103516 0.160156
1 0.299805 0.821615 0.076172 0.208333
1 0.834473 0.733073 0.237305 0.140625
1 0.881348 0.905599 0.116211 0.183594
1 0.744629 0.865234 0.098633 0.264323
1 0.638672 0.796875 0.091797 0.223958
1 0.642090 0.644531 0.069336 0.078125
1 0.292480 0.670573 0.081055 0.059896
1 0.139648 0.111979 0.117188 0.145833
1 0.701172 0.164714 0.062500 0.217448
1 0.642090 0.177734 0.049805 0.217448
1 0.575684 0.184896 0.067383 0.213542
1 0.482422 0.148438 0.105469 0.171875
1 0.267090 0.206380 0.081055 0.298177
3 0.934082 0.255859 0.129883 0.402344
2 0.123047 0.330078 0.246094 0.253906
5 0.535156 0.555990 0.550781 0.101562
2 0.123047 0.733073 0.230469 0.494792
