1 0.706055 0.144531 0.058594 0.231771
1 0.699219 0.604167 0.058594 0.093750
1 0.094238 0.172526 0.188477 0.316406
3 0.281250 0.289062 0.177734 0.119792
1 0.510254 0.813151 0.098633 0.282552
1 0.404297 0.855469 0.125000 0.283854
1 0.812012 0.573568 0.051758 0.152344
1 0.854004 0.136719 0.051758 0.213542
1 0.760254 0.141276 0.038086 0.204427
1 0.696777 0.705729 0.065430 0.098958
1 0.759766 0.589844 0.042969 0.179688
1 0.922852 0.140625 0.058594 0.203125
1 0.547363 0.141276 0.083008 0.264323
1 0.634766 0.139974 0.072266 0.266927
4 0.449219 0.504557 0.773438 0.183594
1 0.225098 0.940755 0.206055 0.110677
